128
128
1
0.866441
0.740085
0.599985
0.510585
0.439654
0.38932
0.336104
0.247761
0.173888
0.0981731
0.143821
0.0619403
0.0619403
0
0.0981731
0
0
0
0
0
0
0
0
0
0
0
0
0
0
0
0
0
0
0
0
0
0
0
0
0
0
0
0
0
0
0
0
0
0
0
0
0
0
0
0
0
0
0
0
0
0
0
0
0
0
0
0
0
0
0
0
0
0
0
0
0
0
0
0
0
0
0
0
0
0
0
0
0
0
0
0
0
0
0
0
0
0
0
0
0
0
0
0
0
0
0
0
0
0
0
0
0
0
0
0
0
0
0
0
0
0
0
0
0
0
0
0
0.899845
1
0.950238
0.812043
0.681994
0.600386
0.544706
0.492179
0.430131
0.394286
0.355321
0.302371
0.166286
0.203916
0.180592
0.149366
0.101958
0.101958
0.0643283
0
0
0
0
0
0
0
0
0
0
0
0
0
0
0
0
0
0
0
0
0
0
0
0
0
0
0
0
0
0
0
0
0
0
0
0
0
0
0
0
0
0
0
0
0
0
0
0
0
0
0
0
0
0
0
0
0
0
0
0
0
0
0
0
0
0
0
0
0
0
0
0
0
0
0
0
0
0
0
0
0
0
0
0
0
0
0
0
0
0
0
0
0
0
0
0
0
0
0
0
0
0
0
0
0
0
0
0
0
0.708892
0.876399
1
0.957004
0.793536
0.683397
0.611522
0.570873
0.524052
0.485015
0.43224
0.385159
0.327711
0.309075
0.285219
0.272024
0.118659
0.225889
0.137759
0.153365
0
0.0593296
0.0593296
0
0
0
0
0
0
0
0
0
0
0
0
0
0
0
0
0
0
0
0
0
0
0
0
0
0
0
0
0
0
0
0
0
0
0
0
0
0
0
0
0
0
0
0
0
0
0
0
0
0
0
0
0
0
0
0
0
0
0
0
0
0
0
0
0
0
0
0
0
0
0
0
0
0
0
0
0
0
0
0
0
0
0
0
0
0
0
0
0
0
0
0
0
0
0
0
0
0
0
0
0
0
0
0
0
0.446753
0.582208
0.743949
1
0.951165
0.667709
0.597371
0.550905
0.510598
0.473679
0.434654
0.398164
0.357046
0.309032
0.281733
0.247097
0.228494
0.192322
0.192322
0.119222
0.165343
0.129479
0.129479
0.165343
0.0731004
0.0922424
0.0731004
0
0
0
0
0
0
0
0
0
0
0
0
0
0
0
0
0
0
0
0
0
0
0
0
0
0
0
0
0
0
0
0
0
0
0
0
0
0
0
0
0
0
0
0
0
0
0
0
0
0
0
0
0
0
0
0
0
0
0
0
0
0
0
0
0
0
0
0
0
0
0
0
0
0
0
0
0
0
0
0
0
0
0
0
0
0
0
0
0
0
0
0
0
0
0
0
0
0
0
0
0
0.330796
0.425446
0.536736
0.827601
1
0.794921
0.655387
0.600735
0.557758
0.525316
0.483951
0.44993
0.418108
0.386496
0.357672
0.311469
0.267192
0.228757
0.178956
0.133308
0.143863
0.103734
0.103734
0.103734
0.0802594
0.143863
0.120389
0.0931783
0.0401297
0.0636041
0.0636041
0
0
0
0
0
0
0
0
0
0
0
0
0
0
0
0
0
0
0
0
0
0
0
0
0
0
0
0
0
0
0
0
0
0
0
0
0
0
0
0
0
0
0
0
0
0
0
0
0
0
0
0
0
0
0
0
0
0
0
0
0
0
0
0
0
0
0
0
0
0
0
0
0
0
0
0
0
0
0
0
0
0
0
0
0
0
0
0
0
0
0
0
0
0
0
0
0
0.319916
0.420655
0.519157
0.652505
0.892803
1
0.867514
0.755657
0.672234
0.63154
0.597736
0.579985
0.556893
0.53307
0.496413
0.45982
0.42906
0.37467
0.322703
0.284118
0.225355
0.184226
0.171601
0.142872
0.149723
0.104652
0.135213
0.0714359
0.116507
0
0
0.0714359
0.090142
0
0.045071
0
0
0
0
0
0
0
0
0
0
0
0
0
0
0
0
0
0
0
0
0
0
0
0
0
0
0
0
0
0
0
0
0
0
0
0
0
0
0
0
0
0
0
0
0
0
0
0
0
0
0
0
0
0
0
0
0
0
0
0
0
0
0
0
0
0
0
0
0
0
0
0
0
0
0
0
0
0
0
0
0
0
0
0
0
0
0
0
0
0
0
0
0
0.305518
0.41159
0.501008
0.629574
0.793845
0.935585
1
0.929806
0.828457
0.738164
0.679297
0.658229
0.63296
0.60429
0.590954
0.577027
0.560631
0.509788
0.476633
0.44068
0.394136
0.360564
0.354126
0.216762
0.189904
0.206481
0.112863
0.0770411
0.125649
0.125649
0.125649
0.0972151
0
0.0770411
0
0.0486076
0.0972151
0.0972151
0
0
0
0
0
0
0
0
0
0
0
0
0
0
0
0
0
0
0
0
0
0
0
0
0
0
0
0
0
0
0
0
0
0
0
0
0
0
0
0
0
0
0
0
0
0
0
0
0
0
0
0
0
0
0
0
0
0
0
0
0
0
0
0
0
0
0
0
0
0
0
0
0
0
0
0
0
0
0
0
0
0
0
0
0
0
0
0
0
0
0.265427
0.374253
0.470665
0.584278
0.732253
0.820108
0.935692
1
0.930712
0.829097
0.75032
0.69348
0.663906
0.650883
0.627917
0.593338
0.571862
0.56044
0.557074
0.530241
0.486412
0.451782
0.399878
0.36878
0.331712
0.287751
0.246748
0.155058
0.146746
0.162493
0.0978304
0.126444
0.0978304
0.0489152
0.146746
0.0775288
0
0.0978304
0.0489152
0
0.0489152
0
0
0
0
0
0
0
0
0
0
0
0
0
0
0
0
0
0
0
0
0
0
0
0
0
0
0
0
0
0
0
0
0
0
0
0
0
0
0
0
0
0
0
0
0
0
0
0
0
0
0
0
0
0
0
0
0
0
0
0
0
0
0
0
0
0
0
0
0
0
0
0
0
0
0
0
0
0
0
0
0
0
0
0
0
0
0
0.198701
0.332153
0.438776
0.549944
0.69043
0.740906
0.846654
0.945173
1
0.928788
0.830668
0.756709
0.703383
0.682908
0.667736
0.648776
0.616083
0.5821
0.568714
0.546323
0.526276
0.515004
0.486135
0.434234
0.382521
0.323276
0.320874
0.292222
0.336211
0.334884
0.262554
0.149026
0.149026
0.0496752
0.115342
0
0.139456
0.0993505
0.0496752
0.0496752
0.0496752
0
0
0
0.0496752
0
0
0
0
0
0
0
0
0
0
0
0
0
0
0
0
0
0
0
0
0
0
0
0
0
0
0
0
0
0
0
0
0
0
0
0
0
0
0
0
0
0
0
0
0
0
0
0
0
0
0
0
0
0
0
0
0
0
0
0
0
0
0
0
0
0
0
0
0
0
0
0
0
0
0
0
0
0
0
0
0
0
0
0.141353
0.308616
0.411617
0.517121
0.659118
0.705525
0.764642
0.853435
0.941425
1
0.925661
0.830231
0.753642
0.702389
0.675504
0.663239
0.662789
0.647404
0.627217
0.583811
0.551263
0.535885
0.524178
0.515274
0.478528
0.429368
0.395658
0.350735
0.307571
0.288407
0.230858
0.239414
0.191705
0.174186
0.159609
0.130156
0.0798046
0.0503511
0.100702
0.0503511
0.0503511
0.0798046
0.100702
0.0503511
0
0.100702
0
0
0
0
0
0
0
0
0
0
0
0
0
0
0
0
0
0
0
0
0
0
0
0
0
0
0
0
0
0
0
0
0
0
0
0
0
0
0
0
0
0
0
0
0
0
0
0
0
0
0
0
0
0
0
0
0
0
0
0
0
0
0
0
0
0
0
0
0
0
0
0
0
0
0
0
0
0
0
0
0
0
0.0820497
0.285941
0.377148
0.487866
0.6243
0.686547
0.723459
0.794073
0.865656
0.951701
1
0.925546
0.840669
0.76748
0.708574
0.675665
0.664634
0.666307
0.664174
0.649759
0.621756
0.592748
0.562852
0.544219
0.531244
0.514319
0.467353
0.4045
0.351055
0.382236
0.333536
0.256467
0.315133
0.295098
0.240401
0.230854
0.171968
0.0820497
0.0517676
0.103535
0.120201
0
0.0517676
0.120201
0.133817
0
0
0.0517676
0
0
0
0
0
0
0
0
0
0
0
0
0
0
0
0
0
0
0
0
0
0
0
0
0
0
0
0
0
0
0
0
0
0
0
0
0
0
0
0
0
0
0
0
0
0
0
0
0
0
0
0
0
0
0
0
0
0
0
0
0
0
0
0
0
0
0
0
0
0
0
0
0
0
0
0
0
0
0
0
0.124943
0.252931
0.349327
0.464542
0.603312
0.692441
0.728679
0.762875
0.819695
0.887264
0.962062
1
0.933136
0.85859
0.798044
0.733512
0.689056
0.673761
0.676766
0.685073
0.677914
0.648695
0.636323
0.624516
0.594812
0.560755
0.537185
0.512884
0.441488
0.406099
0.379059
0.370355
0.37667
0.258684
0.255861
0.204874
0.228581
0.139097
0.139097
0.151064
0.10762
0.10762
0
0.170574
0.151064
0.05381
0
0
0.10762
0.05381
0.0852869
0
0
0
0
0
0.05381
0
0
0
0
0
0
0
0
0
0
0
0
0
0
0
0
0
0
0
0
0
0
0
0
0
0
0
0
0
0
0
0
0
0
0
0
0
0
0
0
0
0
0
0
0
0
0
0
0
0
0
0
0
0
0
0
0
0
0
0
0
0
0
0
0
0
0
0
0
0
0
0.055404
0.143217
0.306027
0.428908
0.577249
0.684566
0.721462
0.751975
0.7845
0.829271
0.899722
0.960777
1
0.936957
0.864612
0.805993
0.747001
0.701513
0.680468
0.682214
0.699337
0.695694
0.661805
0.643169
0.637824
0.62818
0.606745
0.574939
0.548548
0.482422
0.421065
0.347205
0.347205
0.340721
0.312692
0.288624
0.24707
0.221616
0.23103
0.27948
0.128644
0.155539
0.055404
0.155539
0.143217
0
0
0
0
0.055404
0
0
0
0.0878132
0
0
0
0
0
0
0
0
0
0
0
0
0
0
0
0
0
0
0
0
0
0
0
0
0
0
0
0
0
0
0
0
0
0
0
0
0
0
0
0
0
0
0
0
0
0
0
0
0
0
0
0
0
0
0
0
0
0
0
0
0
0
0
0
0
0
0
0
0
0
0
0
0
0
0.0565382
0.179222
0.294533
0.378831
0.544529
0.668696
0.702883
0.752316
0.777256
0.788697
0.838207
0.90212
0.956138
1
0.935751
0.862608
0.802057
0.751067
0.715242
0.692893
0.687265
0.713847
0.706181
0.670867
0.652073
0.641824
0.647692
0.649558
0.614154
0.582363
0.516878
0.424027
0.393177
0.39118
0.349961
0.323846
0.29
0.262555
0.244354
0.231098
0.298827
0.335313
0.209216
0.169614
0.158723
0
0.0565382
0.131278
0.131278
0.0896109
0.0565382
0
0.0565382
0
0.0565382
0.0896109
0
0.113076
0
0
0
0
0
0
0
0
0
0
0
0
0
0
0
0
0
0
0
0
0
0
0
0
0
0
0
0
0
0
0
0
0
0
0
0
0
0
0
0
0
0
0
0
0
0
0
0
0
0
0
0
0
0
0
0
0
0
0
0
0
0
0
0
0
0
0
0
0
0
0
0.161954
0.277333
0.352396
0.514178
0.635391
0.701367
0.740548
0.775462
0.773952
0.789628
0.855576
0.900276
0.954803
1
0.933617
0.861652
0.801182
0.753472
0.727134
0.706059
0.708285
0.726234
0.712485
0.676918
0.6526
0.64267
0.649567
0.66699
0.645283
0.601059
0.534324
0.438003
0.38734
0.383279
0.346136
0.34214
0.307018
0.336495
0.322193
0.340764
0.309073
0.280253
0.291008
0.13395
0.115379
0.115379
0
0.0576893
0.115379
0.0914354
0.0576893
0.0576893
0.13395
0.0576893
0
0.115379
0
0
0
0
0
0
0
0
0
0
0
0
0
0
0
0
0
0
0
0
0
0
0
0
0
0
0
0
0
0
0
0
0
0
0
0
0
0
0
0
0
0
0
0
0
0
0
0
0
0
0
0
0
0
0
0
0
0
0
0
0
0
0
0
0
0
0
0
0
0
0
0.0938011
0.137416
0.271347
0.31707
0.459343
0.603781
0.702556
0.717872
0.772936
0.77956
0.772435
0.806739
0.860952
0.902943
0.957772
1
0.937118
0.862398
0.804765
0.756267
0.734489
0.723707
0.741558
0.729684
0.718555
0.692863
0.660537
0.651458
0.644236
0.674978
0.673067
0.621988
0.551822
0.453227
0.399767
0.359003
0.348146
0.349581
0.340585
0.271347
0.303561
0.345201
0.31707
0.274832
0.218999
0.166145
0.166145
0.118364
0.0938011
0.118364
0.137416
0.0938011
0
0
0
0.0591819
0.0591819
0
0.0591819
0
0.0938011
0
0
0
0
0
0
0
0
0
0
0
0
0
0
0
0
0
0
0
0
0
0
0
0
0
0
0
0
0
0
0
0
0
0
0
0
0
0
0
0
0
0
0
0
0
0
0
0
0
0
0
0
0
0
0
0
0
0
0
0
0
0
0
0
0
0
0
0
0.0959048
0.121018
0.299775
0.402883
0.576026
0.697902
0.707406
0.750448
0.796503
0.776866
0.774841
0.815834
0.858391
0.903771
0.958136
1
0.937406
0.862788
0.803697
0.757613
0.744319
0.752787
0.752599
0.735861
0.725017
0.705077
0.671454
0.654865
0.641054
0.673463
0.690181
0.651524
0.572259
0.482699
0.42288
0.399356
0.375729
0.370878
0.376901
0.365742
0.337942
0.277433
0.247329
0.247329
0.23038
0.223911
0.156414
0.156414
0.140498
0.0605092
0.0605092
0
0
0.0605092
0
0.0605092
0.0605092
0
0
0
0
0.0959048
0
0
0
0
0
0
0
0
0
0
0
0
0
0
0
0
0
0
0
0
0
0
0
0
0
0
0
0
0
0
0
0
0
0
0
0
0
0
0
0
0
0
0
0
0
0
0
0
0
0
0
0
0
0
0
0
0
0
0
0
0
0
0
0
0
0
0.0980544
0.235544
0.257974
0.35266
0.51428
0.648835
0.708816
0.724945
0.795452
0.796278
0.774624
0.783326
0.821835
0.85918
0.901502
0.958416
1
0.939462
0.864305
0.807408
0.772207
0.770665
0.767778
0.760558
0.74424
0.730018
0.713845
0.688518
0.66463
0.651347
0.670034
0.70479
0.671251
0.576426
0.48099
0.429502
0.404548
0.385348
0.362406
0.345516
0.392217
0.326984
0.279852
0.252873
0.228929
0.228929
0.214019
0.214019
0.185596
0.143647
0.143647
0.123731
0.0618654
0.0618654
0.0618654
0
0.0618654
0
0.0618654
0.0980544
0.0980544
0
0.0618654
0
0
0
0
0
0
0
0
0
0
0.0618654
0
0
0
0
0
0
0
0
0
0
0
0
0
0
0
0
0
0
0
0
0
0
0
0
0
0
0
0
0
0
0
0
0
0
0
0
0
0
0
0
0
0
0
0
0
0
0
0
0
0
0
0
0
0
0.0630886
0.146487
0.263075
0.281339
0.451706
0.618631
0.718488
0.722278
0.785886
0.809422
0.793463
0.77485
0.798109
0.823992
0.857889
0.899567
0.958036
1
0.935964
0.865388
0.820241
0.796091
0.78269
0.776892
0.766591
0.750857
0.7407
0.725603
0.707266
0.67403
0.668792
0.679297
0.717464
0.691861
0.586818
0.476123
0.447805
0.421842
0.378532
0.372657
0.328657
0.338
0.303289
0.296544
0.252354
0.24648
0.240201
0.24648
0.233456
0.22617
0.163082
0.126177
0.126177
0.146487
0.146487
0
0.0999931
0.146487
0.163082
0.0630886
0
0.0999931
0
0
0
0
0
0
0.0630886
0
0
0
0
0
0
0
0
0
0
0
0
0
0
0
0
0
0
0
0
0
0
0
0
0
0
0
0
0
0
0
0
0
0
0
0
0
0
0
0
0
0
0
0
0
0
0
0
0
0
0
0
0
0
0
0
0
0
0
0
0.165851
0.165851
0.213135
0.404451
0.581681
0.695495
0.705625
0.743923
0.805303
0.816842
0.790032
0.786302
0.808694
0.819882
0.852188
0.896363
0.95186
1
0.937355
0.874197
0.830803
0.801317
0.793231
0.787244
0.77301
0.758614
0.742018
0.739069
0.721172
0.686541
0.672059
0.696099
0.724958
0.689119
0.591658
0.492263
0.442372
0.438399
0.409023
0.36024
0.36211
0.343741
0.329095
0.290232
0.29795
0.250666
0.19248
0.221957
0.230011
0.19248
0.148975
0.18012
0.12832
0.0641601
0.101691
0.101691
0.101691
0
0
0
0
0.0641601
0
0
0
0.0641601
0
0
0
0
0
0
0
0
0
0
0
0
0
0
0
0
0
0
0
0
0
0
0
0
0
0
0
0
0
0
0
0
0
0
0
0
0
0
0
0
0
0
0
0
0
0
0
0
0
0
0
0
0
0
0
0
0
0
0
0
0
0
0
0.233318
0.233318
0.325411
0.527721
0.647177
0.689503
0.712545
0.781673
0.819925
0.821502
0.791125
0.796542
0.807718
0.814871
0.849392
0.892736
0.950829
1
0.942947
0.882468
0.834367
0.807701
0.795193
0.790402
0.78039
0.761152
0.745506
0.738853
0.729537
0.692374
0.683419
0.720513
0.73177
0.686228
0.592292
0.495583
0.45484
0.427581
0.431454
0.393383
0.372786
0.331104
0.316169
0.294404
0.281281
0.312874
0.233318
0.195247
0.254269
0.233318
0.182709
0.195247
0.130165
0.151116
0.103153
0
0.103153
0.130165
0.0650823
0.0650823
0.0650823
0
0
0
0
0.0650823
0
0
0
0
0
0
0
0
0
0
0
0
0
0
0
0
0
0
0
0
0
0
0
0
0
0
0
0
0
0
0
0
0
0
0
0
0
0
0
0
0
0
0
0
0
0
0
0
0
0
0
0
0
0
0
0
0
0
0
0
0
0.0653929
0.183581
0.169038
0.267291
0.485075
0.60397
0.677955
0.695974
0.748761
0.78833
0.821122
0.825647
0.802867
0.799658
0.804393
0.816238
0.8502
0.890995
0.947447
1
0.945557
0.878776
0.828194
0.80195
0.79519
0.786495
0.782028
0.75982
0.747128
0.738963
0.73027
0.702471
0.702195
0.73027
0.723644
0.672062
0.5584
0.478802
0.451662
0.4354
0.443453
0.421323
0.384683
0.332684
0.345628
0.317678
0.295809
0.291615
0.272684
0.226222
0.255483
0.267291
0.196179
0.169038
0.151838
0.151838
0.130786
0.103645
0.0653929
0.0653929
0.103645
0
0
0
0
0.0653929
0
0
0
0.0653929
0
0
0
0
0
0
0
0
0
0
0
0
0
0
0
0
0
0
0
0
0
0
0
0
0
0
0
0
0
0
0
0
0
0
0
0
0
0
0
0
0
0
0
0
0
0
0
0
0
0
0
0
0
0
0
0
0
0
0.0648815
0.182146
0.167716
0.247027
0.472688
0.530402
0.634948
0.675446
0.705436
0.767247
0.775015
0.810393
0.816775
0.812976
0.807183
0.808237
0.818715
0.840146
0.879746
0.938163
1
0.932472
0.862548
0.816456
0.793171
0.785301
0.776195
0.770392
0.75259
0.738171
0.731989
0.723454
0.704935
0.71143
0.732514
0.709347
0.643261
0.515702
0.481282
0.462559
0.424271
0.446557
0.43913
0.39217
0.345295
0.304972
0.324408
0.270551
0.301301
0.270551
0.224453
0.215532
0.247027
0.167716
0.224453
0.182146
0.102835
0.167716
0.15065
0.0648815
0
0.102835
0.102835
0
0
0.102835
0.0648815
0.0648815
0
0.0648815
0
0
0
0
0
0
0
0
0
0
0
0
0
0
0
0
0
0
0
0
0
0
0
0
0
0
0
0
0
0
0
0
0
0
0
0
0
0
0
0
0
0
0
0
0
0
0
0
0
0
0
0
0
0
0
0
0
0
0
0.235008
0.169454
0.2078
0.292332
0.49422
0.573036
0.670852
0.689149
0.760813
0.760995
0.777843
0.809614
0.808246
0.815341
0.813551
0.813273
0.818723
0.840411
0.880938
0.942133
1
0.932338
0.860536
0.819346
0.799593
0.789712
0.779725
0.76978
0.757132
0.746774
0.740442
0.722603
0.727733
0.734301
0.733454
0.686657
0.617099
0.516335
0.497714
0.465303
0.429678
0.408322
0.404462
0.348872
0.344021
0.336244
0.333502
0.327769
0.273354
0.235008
0.267948
0.2078
0.278468
0.152211
0.217765
0.226779
0.1039
0.184033
0.184033
0.1039
0
0.131107
0.0655537
0.0655537
0
0.0655537
0
0.0655537
0.131107
0.131107
0
0
0
0
0
0
0
0
0
0
0
0.0655537
0
0
0
0
0
0
0
0
0
0
0
0
0
0
0
0
0
0
0
0
0
0
0
0
0
0
0
0
0
0
0
0
0
0
0
0
0
0
0
0
0
0
0
0
0
0
0.10526
0.132824
0.220615
0.259464
0.450362
0.5114
0.631166
0.681524
0.734111
0.764549
0.765949
0.779267
0.806337
0.807642
0.81645
0.817815
0.82107
0.8242
0.841098
0.882891
0.944541
1
0.933296
0.866878
0.823476
0.805335
0.791454
0.780302
0.77966
0.764385
0.754785
0.745686
0.742354
0.745446
0.745726
0.7294
0.669574
0.579184
0.503731
0.48979
0.469984
0.438312
0.431136
0.395429
0.362571
0.360368
0.337867
0.319265
0.325875
0.259464
0.271456
0.287027
0.252853
0.245753
0.199235
0.186441
0.199235
0
0.132824
0.10526
0.0664118
0.0664118
0.10526
0
0.0664118
0.0664118
0
0.10526
0.132824
0.0664118
0
0.0664118
0
0
0.0664118
0
0
0
0
0
0
0
0
0
0
0
0
0
0
0
0
0
0
0
0
0
0
0
0
0
0
0
0
0
0
0
0
0
0
0
0
0
0
0
0
0
0
0
0
0
0
0
0
0
0
0
0
0
0.134164
0.240487
0.15576
0.28496
0.394621
0.436557
0.572042
0.666473
0.699065
0.76059
0.76152
0.758855
0.785356
0.803774
0.806998
0.815117
0.823099
0.819628
0.822667
0.844149
0.880601
0.942717
1
0.931752
0.864401
0.832057
0.814584
0.796703
0.787361
0.785066
0.771368
0.76699
0.758398
0.753977
0.756193
0.754496
0.707961
0.641072
0.541811
0.510317
0.511304
0.471818
0.444712
0.408361
0.386051
0.374652
0.335411
0.332339
0.30757
0.344084
0.31152
0.255406
0.274196
0.240487
0.268329
0.255406
0.212646
0.188324
0.188324
0.173405
0.106323
0.15576
0.0670822
0.0670822
0.134164
0.106323
0.134164
0.106323
0
0
0.106323
0
0.0670822
0.0670822
0.0670822
0
0
0
0
0
0
0
0
0
0
0
0
0
0
0
0
0
0
0
0
0
0
0
0
0
0
0
0
0
0
0
0
0
0
0
0
0
0
0
0
0
0
0
0
0
0
0
0
0
0
0
0
0
0.107497
0.20347
0.20347
0.157481
0.342127
0.4381
0.532954
0.612302
0.677079
0.742752
0.776973
0.755564
0.756984
0.790304
0.800321
0.807207
0.817145
0.82369
0.824744
0.829133
0.847713
0.885302
0.942044
1
0.933
0.862132
0.835254
0.814593
0.802679
0.796516
0.791782
0.783605
0.786428
0.770938
0.773786
0.774396
0.739281
0.683894
0.600354
0.533375
0.520369
0.506477
0.490282
0.464283
0.427543
0.392111
0.372475
0.347885
0.314961
0.322492
0.314961
0.358473
0.250976
0.23463
0.271293
0.243144
0.277225
0.258227
0.20347
0.20347
0.20347
0.190404
0.135647
0.157481
0.157481
0.135647
0
0.107497
0
0.135647
0.0678233
0
0.0678233
0.0678233
0
0
0.0678233
0
0
0
0
0
0
0
0
0
0
0
0
0
0
0
0
0
0
0
0
0
0
0
0
0
0
0
0
0
0
0
0
0
0
0
0
0
0
0
0
0
0
0
0
0
0
0
0
0
0
0
0
0.157728
0.107666
0.107666
0.215332
0.399606
0.473184
0.530788
0.647464
0.704921
0.780434
0.764871
0.747752
0.753797
0.783819
0.797537
0.803185
0.814533
0.817005
0.822195
0.828574
0.842297
0.875322
0.934465
1
0.922639
0.851847
0.824266
0.812489
0.799634
0.800081
0.799634
0.801246
0.795804
0.785193
0.791025
0.751625
0.714729
0.648649
0.559956
0.52724
0.519734
0.497376
0.449335
0.420473
0.409098
0.399606
0.37306
0.375214
0.35649
0.315456
0.27766
0.27766
0.298369
0.258633
0.25137
0.25137
0.234998
0.215332
0.175596
0.157728
0.135859
0.107666
0.107666
0.107666
0
0.0679297
0.135859
0.0679297
0
0
0
0.0679297
0.0679297
0
0.0679297
0
0
0.107666
0
0.135859
0
0
0
0
0
0
0
0
0
0
0
0
0
0
0
0
0
0
0
0
0
0
0
0
0
0
0
0
0
0
0
0
0
0
0
0
0
0
0
0
0
0
0
0
0
0
0
0
0.0684258
0.176878
0.176878
0.205277
0.463119
0.417981
0.46402
0.561405
0.677475
0.743285
0.791123
0.744863
0.740543
0.76153
0.786989
0.791352
0.800256
0.818299
0.818596
0.824311
0.829758
0.848723
0.869792
0.929377
1
0.919329
0.854353
0.825309
0.81566
0.812949
0.81287
0.815456
0.815762
0.806317
0.804509
0.779455
0.741087
0.696057
0.598142
0.567566
0.531091
0.521545
0.475847
0.450582
0.433809
0.417981
0.375785
0.390057
0.345167
0.356461
0.342129
0.31373
0.295732
0.290668
0.267332
0.245304
0.267332
0.260521
0.227306
0.176878
0.236714
0.253206
0
0.176878
0.176878
0.108452
0
0
0
0.0684258
0
0
0
0
0
0
0
0
0
0
0
0
0
0
0
0
0
0
0.0684258
0
0
0
0
0
0
0
0
0
0
0
0
0
0
0
0
0
0
0
0
0
0
0
0
0
0
0
0
0
0
0
0
0
0
0
0
0
0
0
0.109663
0
0.178853
0.229843
0.46644
0.396313
0.510876
0.522168
0.60246
0.712679
0.773921
0.789119
0.733018
0.743316
0.775663
0.797006
0.792555
0.803936
0.821547
0.822973
0.82456
0.840175
0.852082
0.867648
0.929592
1
0.915786
0.859406
0.838259
0.832898
0.830423
0.834195
0.83052
0.832993
0.822447
0.804947
0.770521
0.734174
0.653355
0.607125
0.547904
0.542827
0.516682
0.497462
0.455612
0.419711
0.405312
0.407018
0.375442
0.342779
0.368223
0.328989
0.321307
0.26343
0.299033
0.288516
0.19424
0.248043
0.28281
0.229843
0.239357
0.26343
0.138379
0.109663
0.138379
0.109663
0.19424
0.109663
0.138379
0
0
0
0
0
0.0691897
0
0.0691897
0.0691897
0.0691897
0.109663
0
0
0
0
0.0691897
0
0
0
0
0
0
0
0
0
0
0
0
0
0
0
0
0
0
0
0
0
0
0
0
0
0
0
0
0
0
0
0
0
0
0
0
0
0
0
0
0
0
0
0.111313
0
0.181543
0.140461
0.371196
0.322004
0.45249
0.49473
0.533745
0.642054
0.731724
0.798721
0.781659
0.739417
0.750332
0.789403
0.797297
0.802397
0.814634
0.824696
0.825168
0.834092
0.843504
0.852183
0.876885
0.92956
1
0.923288
0.869864
0.851414
0.850501
0.854742
0.853036
0.851754
0.848394
0.82446
0.796987
0.764987
0.697023
0.639695
0.592074
0.57236
0.539333
0.499966
0.468607
0.467609
0.41314
0.407853
0.400344
0.378705
0.365862
0.341178
0.360231
0.333938
0.298334
0.298334
0.298334
0.2333
0.251773
0.2333
0.251773
0.292855
0.111313
0.140461
0.197162
0.140461
0.111313
0.0702304
0.111313
0
0
0
0.0702304
0.0702304
0.0702304
0.111313
0.0702304
0
0.0702304
0.0702304
0
0
0.0702304
0.111313
0
0
0
0
0
0
0
0
0
0
0
0
0
0
0
0
0
0
0
0
0
0
0
0
0
0
0
0
0
0
0
0
0
0
0
0
0
0
0
0
0
0
0
0
0
0.11342
0.143121
0.184981
0.214681
0.340261
0.354524
0.492524
0.448453
0.536691
0.662798
0.752082
0.816231
0.775035
0.758599
0.765726
0.802151
0.808656
0.814156
0.826506
0.840102
0.839921
0.846906
0.855913
0.863115
0.888851
0.940772
1
0.930598
0.888889
0.872704
0.879745
0.881356
0.874818
0.872462
0.855861
0.828686
0.799859
0.745504
0.680946
0.610787
0.569204
0.563205
0.530823
0.504099
0.485276
0.463405
0.457436
0.415576
0.420963
0.388305
0.336365
0.37279
0.319118
0.328101
0.309278
0.314315
0.272455
0.328101
0.272455
0.237718
0.247558
0.237718
0.184981
0.237718
0.200895
0.184981
0.143121
0.0715603
0.11342
0.166158
0
0.143121
0
0.11342
0.0715603
0
0
0
0.0715603
0
0
0
0.0715603
0
0
0
0
0
0
0
0
0
0
0
0
0
0
0
0
0
0
0
0
0
0
0
0
0
0
0
0
0
0
0
0
0
0
0
0
0
0
0
0
0
0
0
0
0
0.144384
0
0.144384
0.216576
0.274861
0.439466
0.505344
0.452412
0.502038
0.548115
0.673132
0.777317
0.822435
0.777317
0.756191
0.76801
0.806199
0.814465
0.822396
0.830914
0.844866
0.847823
0.849808
0.860555
0.874633
0.894161
0.938814
1
0.941578
0.904631
0.893907
0.898673
0.890052
0.881952
0.880186
0.857749
0.827649
0.781188
0.71997
0.662716
0.614195
0.584613
0.558872
0.552345
0.522555
0.479634
0.485702
0.446856
0.431512
0.415457
0.384201
0.378859
0.384201
0.339334
0.347053
0.295082
0.295082
0.301035
0.216576
0.267142
0.274861
0.267142
0.216576
0.144384
0.114422
0.216576
0.186614
0.072192
0
0.167625
0
0.114422
0
0.114422
0
0
0
0.114422
0.072192
0
0
0
0.072192
0
0
0
0
0
0
0
0
0
0
0
0
0
0
0
0
0
0
0
0
0
0
0
0
0
0
0
0
0
0
0
0
0
0
0
0
0
0
0
0
0
0
0
0
0
0
0.114117
0.0719998
0.0719998
0.249078
0.41043
0.346128
0.44278
0.498157
0.483424
0.551389
0.680929
0.781211
0.818805
0.781155
0.756058
0.773444
0.802825
0.813251
0.818294
0.827914
0.840539
0.848019
0.85541
0.866725
0.872864
0.894348
0.93907
1
0.948524
0.909147
0.903495
0.905691
0.892514
0.889384
0.879756
0.845595
0.804951
0.745504
0.683555
0.632727
0.604245
0.563966
0.555424
0.525871
0.507979
0.471929
0.459001
0.419967
0.425295
0.397695
0.402116
0.393078
0.383178
0.353295
0.287999
0.30585
0.330116
0.274129
0.316246
0.266431
0.274129
0.215999
0.186117
0.167178
0.202129
0.167178
0.114117
0.186117
0
0.114117
0.114117
0.114117
0.0719998
0.0719998
0.0719998
0.0719998
0
0.0719998
0
0
0
0.0719998
0
0.0719998
0
0
0
0
0
0
0
0
0
0
0
0
0
0
0
0
0
0
0
0
0
0
0
0
0
0
0
0
0
0
0
0
0
0
0
0
0
0
0
0
0
0
0
0.0710111
0
0.213033
0.164883
0.2251
0.329765
0.33765
0.400776
0.439546
0.471787
0.479672
0.566475
0.661639
0.778743
0.802369
0.786149
0.762523
0.771532
0.782759
0.797328
0.811911
0.820435
0.835906
0.843582
0.852283
0.859955
0.866006
0.889832
0.935499
1
0.945412
0.906565
0.90414
0.899363
0.894518
0.883125
0.855697
0.823458
0.763538
0.689819
0.655177
0.596555
0.576165
0.560188
0.546323
0.501003
0.510557
0.480616
0.467605
0.452698
0.41054
0.396594
0.364236
0.375322
0.341375
0.325583
0.341375
0.296111
0.306905
0.277432
0.245658
0.2251
0.254572
0.235894
0.245658
0.2251
0.213033
0.142022
0.164883
0.0710111
0
0.0710111
0.0710111
0
0.11255
0
0.0710111
0.11255
0.0710111
0.11255
0
0
0
0
0
0
0
0
0
0
0
0
0
0
0
0
0
0
0
0
0
0
0
0
0
0
0
0
0
0
0
0
0
0
0
0
0
0
0
0
0
0
0
0
0
0
0
0
0
0.0695769
0.110277
0
0.179854
0.310273
0.264904
0.362457
0.398531
0.417461
0.42206
0.486251
0.540945
0.647169
0.747299
0.782306
0.776994
0.762915
0.772395
0.777733
0.786601
0.806762
0.820675
0.829173
0.838863
0.846789
0.855361
0.861525
0.878552
0.926318
1
0.938485
0.903823
0.904094
0.892334
0.885613
0.864014
0.82951
0.778553
0.70889
0.65701
0.617172
0.583911
0.558171
0.549297
0.520701
0.511915
0.503626
0.459201
0.45711
0.425012
0.398531
0.39467
0.375181
0.384312
0.356879
0.356879
0.347884
0.323105
0.295557
0.314735
0.29013
0.300706
0.278307
0.264904
0.195327
0.179854
0
0.161552
0.179854
0.139154
0.110277
0.139154
0.0695769
0.161552
0.0695769
0.110277
0.195327
0.0695769
0.139154
0
0
0
0
0
0
0
0.0695769
0
0
0
0
0
0
0
0
0.0695769
0
0
0
0
0
0
0
0
0
0
0
0
0
0
0
0
0
0
0
0
0
0
0
0
0
0
0
0
0
0
0
0
0.137321
0
0.192755
0.108825
0.228086
0.291665
0.306187
0.35218
0.407208
0.403906
0.453154
0.476677
0.518175
0.63316
0.723958
0.759805
0.77518
0.769103
0.770688
0.771718
0.780456
0.804366
0.818561
0.824169
0.833969
0.845644
0.854713
0.861593
0.876558
0.926127
1
0.940465
0.917392
0.905175
0.891249
0.871856
0.847605
0.796393
0.729756
0.672267
0.642344
0.615992
0.584422
0.550056
0.536058
0.529192
0.508149
0.488076
0.470873
0.443509
0.426345
0.405571
0.360326
0.37024
0.35218
0.377074
0.35218
0.343303
0.301579
0.261415
0.280648
0.301579
0.280648
0.280648
0.261415
0.246146
0.177485
0.192755
0.217649
0.192755
0.108825
0
0.0686606
0.108825
0.177485
0.0686606
0.108825
0
0.0686606
0
0.0686606
0
0
0
0.0686606
0
0.108825
0
0
0
0
0
0.0686606
0
0
0
0
0
0
0
0
0
0
0
0
0
0
0
0
0
0
0
0
0
0
0
0
0
0
0
0
0
0
0
0
0
0
0
0.133661
0.133661
0.133661
0.0668304
0.105924
0.172754
0.267321
0.310351
0.355666
0.39476
0.41498
0.437014
0.474364
0.512751
0.608201
0.686835
0.730653
0.747738
0.750426
0.753354
0.762458
0.772485
0.787517
0.804588
0.810518
0.816995
0.823949
0.840665
0.85091
0.868145
0.915395
1
0.953791
0.914527
0.892285
0.871005
0.847095
0.804886
0.742124
0.681648
0.640315
0.619146
0.583744
0.56562
0.525979
0.514159
0.505896
0.467056
0.45997
0.440075
0.430584
0.41099
0.38637
0.360371
0.364856
0.362639
0.331091
0.337119
0.334152
0.288836
0.29354
0.298025
0.267321
0.302311
0.239584
0.211847
0.222006
0.187617
0.155175
0.105924
0
0.105924
0.0668304
0.133661
0.105924
0
0.155175
0.105924
0
0.0668304
0.105924
0.0668304
0
0
0
0
0
0.0668304
0
0
0
0
0
0
0
0
0
0.0668304
0
0
0
0
0
0
0
0
0
0
0
0
0
0
0
0
0
0
0
0
0
0
0
0
0
0
0
0
0
0
0
0.060807
0.060807
0.121614
0.060807
0.157184
0.253561
0.262804
0.354681
0.349938
0.372703
0.378756
0.406586
0.419253
0.463028
0.519241
0.602864
0.636937
0.667843
0.683917
0.694286
0.708083
0.714932
0.722803
0.734558
0.741358
0.742864
0.753768
0.770128
0.790137
0.812458
0.867827
1
0.93176
0.852585
0.819995
0.79922
0.758149
0.707451
0.647931
0.61027
0.583516
0.561031
0.539755
0.512885
0.498896
0.469912
0.463474
0.440146
0.442439
0.409105
0.368861
0.384418
0.364842
0.346627
0.319111
0.304035
0.314368
0.298373
0.278798
0.267084
0.231514
0.258304
0.243228
0.210358
0.225013
0.210358
0.182421
0.217991
0.192754
0.0963769
0.121614
0.121614
0
0.0963769
0.14119
0.14119
0
0.14119
0
0
0.0963769
0.121614
0.060807
0
0
0
0.060807
0.060807
0
0.060807
0
0
0
0
0
0
0
0
0
0
0
0
0
0
0
0
0
0
0
0
0
0
0
0
0
0
0
0
0
0
0
0
0
0
0
0
0
0
0
0.0572977
0.0572977
0.114595
0.160855
0.289032
0.234202
0.320006
0.262708
0.356897
0.335649
0.343786
0.391509
0.400436
0.41953
0.455423
0.539379
0.577684
0.604699
0.624551
0.633984
0.652692
0.666596
0.672638
0.685281
0.69859
0.707775
0.721773
0.734852
0.755374
0.784079
0.877986
1
0.927947
0.826487
0.787962
0.745433
0.697129
0.64161
0.605028
0.578669
0.552983
0.535787
0.507006
0.492968
0.475263
0.455423
0.420045
0.41953
0.40908
0.376438
0.365275
0.355787
0.314671
0.312813
0.300694
0.329742
0.2915
0.27545
0.278351
0.27545
0.238927
0.247637
0.212027
0.20541
0.20541
0.181629
0.171893
0.160855
0.148112
0.114595
0.148112
0.0572977
0.0572977
0
0.148112
0.0908147
0.0572977
0.0572977
0.0572977
0.0908147
0
0
0.0572977
0
0
0.0572977
0
0
0
0
0
0
0
0
0
0
0
0
0.0572977
0
0
0
0
0
0
0
0
0
0
0
0
0
0
0
0
0
0
0
0
0
0
0
0
0
0
0
0
0.0557666
0.0557666
0.0557666
0.129486
0.111533
0.129486
0.294749
0.329407
0.286042
0.337075
0.311454
0.329407
0.355514
0.366378
0.385174
0.413668
0.439246
0.486346
0.532934
0.562321
0.586753
0.603981
0.621036
0.632849
0.645791
0.66259
0.681404
0.693538
0.709828
0.723878
0.744567
0.781912
0.903149
1
0.93519
0.835169
0.769046
0.713433
0.662334
0.615832
0.594918
0.567906
0.547012
0.527862
0.500632
0.481432
0.455329
0.443578
0.407814
0.397576
0.389099
0.367221
0.356478
0.32528
0.314738
0.330737
0.316332
0.27364
0.290513
0.286042
0.262127
0.241019
0.227944
0.212323
0.223066
0.185253
0.212323
0.156557
0.156557
0.144154
0.156557
0.0883879
0.144154
0.129486
0
0.0883879
0.144154
0.111533
0.0883879
0.0883879
0.0883879
0.0557666
0.111533
0.0557666
0.0557666
0
0.0883879
0
0
0
0
0.0883879
0
0.0557666
0
0
0
0
0
0
0
0
0
0
0
0
0
0
0
0
0
0
0
0
0
0
0
0
0
0
0
0
0
0
0
0
0
0
0
0
0.0868192
0
0.109554
0.153778
0.324867
0.29347
0.319507
0.305926
0.347277
0.285357
0.307556
0.363135
0.364715
0.390519
0.41589
0.41548
0.442422
0.48487
0.523054
0.557213
0.581238
0.596659
0.612263
0.627991
0.643321
0.660071
0.680225
0.695559
0.71391
0.738676
0.790124
0.918592
1
0.945301
0.838108
0.749378
0.693815
0.648708
0.612468
0.58866
0.571861
0.555202
0.533883
0.506572
0.482966
0.45828
0.436023
0.420657
0.401072
0.378337
0.366265
0.339059
0.334605
0.328661
0.287465
0.313757
0.280966
0.271375
0.268784
0.25115
0.257475
0.223898
0.223898
0.228415
0.214007
0.153778
0.173638
0.196373
0.173638
0.127188
0.109554
0.141596
0.0868192
0.0547768
0.0547768
0.109554
0.109554
0.0547768
0.0547768
0
0.0547768
0
0.0547768
0
0.0547768
0
0
0
0
0
0
0
0
0.0547768
0
0
0
0
0
0
0
0
0
0
0
0
0
0
0
0
0
0
0
0
0
0
0
0
0
0
0
0
0
0
0
0
0
0
0.105532
0.052766
0
0.052766
0.195258
0.256336
0.282697
0.24193
0.27889
0.282697
0.297804
0.318939
0.357826
0.345046
0.374535
0.389152
0.401409
0.414962
0.43496
0.461253
0.498267
0.523693
0.549709
0.57098
0.58992
0.611885
0.629088
0.651389
0.668825
0.693533
0.725642
0.790233
0.910601
1
0.943672
0.806409
0.723533
0.673278
0.638625
0.6063
0.582913
0.563375
0.544469
0.530506
0.506057
0.484125
0.457236
0.432405
0.411281
0.39822
0.376184
0.358514
0.335463
0.326613
0.318939
0.286323
0.286323
0.27889
0.261413
0.256336
0.248024
0.248024
0.224146
0.231765
0.189164
0.195258
0.122519
0.148133
0.105532
0.175285
0.052766
0.136398
0.052766
0.052766
0.0836322
0.052766
0.0836322
0.052766
0
0.136398
0
0.0836322
0.105532
0.052766
0
0.052766
0.052766
0
0
0
0
0.052766
0
0
0.052766
0
0
0
0
0
0
0
0
0
0
0
0
0
0
0
0
0
0
0
0
0
0
0
0
0
0
0
0
0
0
0
0
0
0.046408
0.107756
0.14711
0.130284
0.139224
0.2341
0.215512
0.189691
0.209929
0.2231
0.248633
0.265821
0.299004
0.31941
0.304185
0.328421
0.353724
0.356062
0.360198
0.384937
0.40722
0.422708
0.441604
0.462826
0.48052
0.498996
0.519297
0.538285
0.558924
0.57862
0.60376
0.639987
0.710062
0.829964
1
0.921896
0.709158
0.649446
0.611624
0.58213
0.554584
0.530197
0.510259
0.48946
0.475586
0.462959
0.439183
0.419732
0.39483
0.3763
0.369943
0.341449
0.343855
0.299769
0.288168
0.279486
0.271857
0.259187
0.23204
0.23804
0.24176
0.215512
0.200572
0.206953
0.200572
0.14711
0.17173
0.17173
0.176692
0.139224
0.154164
0.119963
0.107756
0.0735549
0
0.0735549
0.107756
0.0735549
0.092816
0.107756
0.0735549
0.092816
0.107756
0.0735549
0.0735549
0.0735549
0
0
0
0
0
0
0
0
0
0
0
0
0
0
0
0
0
0
0
0
0
0
0
0
0
0
0
0
0
0
0
0
0
0
0
0
0
0
0
0
0
0.0448987
0
0.116061
0.126047
0.116061
0.126047
0.104251
0.166145
0.183522
0.183522
0.211043
0.230298
0.22842
0.264123
0.303883
0.279666
0.296327
0.315791
0.335286
0.343522
0.348483
0.355546
0.378516
0.383223
0.412166
0.426262
0.436157
0.457454
0.477203
0.498582
0.522367
0.546273
0.574398
0.61424
0.686174
0.891914
1
0.806762
0.697293
0.652503
0.618317
0.588994
0.561002
0.53741
0.511283
0.489604
0.472274
0.455995
0.442889
0.420339
0.391258
0.381989
0.363827
0.347884
0.31011
0.302683
0.294292
0.277915
0.240547
0.224493
0.254684
0.245121
0.215844
0.233898
0.208503
0.187224
0.187224
0.175414
0.183522
0.166145
0.134696
0.126047
0.0897973
0.104251
0.0711627
0.104251
0.0711627
0.116061
0.0711627
0.104251
0.0448987
0.0711627
0
0.0897973
0.0448987
0.0711627
0.0448987
0
0.0448987
0
0.0448987
0
0.0448987
0
0.0448987
0
0
0
0
0
0
0
0
0
0
0
0
0
0
0
0
0
0
0
0
0
0
0
0
0
0
0
0
0
0
0
0
0
0
0.106824
0
0.0534121
0
0
0.106824
0.149947
0.203359
0.197648
0.213648
0.241613
0.259475
0.271732
0.322844
0.329549
0.346744
0.354088
0.386106
0.39108
0.40711
0.419044
0.435295
0.42485
0.454419
0.46938
0.492802
0.504367
0.522967
0.544786
0.569134
0.5981
0.63437
0.67653
0.732392
0.816188
0.959735
1
0.873061
0.8113
0.778409
0.749812
0.720186
0.692943
0.664562
0.637127
0.612482
0.579948
0.556214
0.537219
0.521916
0.497542
0.469902
0.453353
0.425777
0.401849
0.381883
0.355629
0.325144
0.312887
0.282304
0.278248
0.276137
0.264614
0.256771
0.248038
0.226891
0.169312
0.213648
0.197648
0.149947
0.138068
0.106824
0.149947
0.0846562
0.149947
0.106824
0.124019
0.0846562
0.0534121
0.0846562
0
0
0
0
0
0.0534121
0.0846562
0
0.0534121
0.0534121
0
0
0
0
0
0.0534121
0
0
0
0
0
0
0
0
0
0
0
0
0
0
0
0
0
0
0
0
0
0
0
0
0
0
0
0
0
0
0
0
0
0
0
0
0.0610056
0.122011
0.171264
0.225747
0.225747
0.238342
0.283301
0.275962
0.322439
0.324667
0.324667
0.363239
0.371369
0.417613
0.403534
0.424245
0.455565
0.468491
0.480136
0.494025
0.511978
0.5125
0.541142
0.570728
0.584507
0.612262
0.644181
0.673686
0.722473
0.778411
0.853728
0.947439
0.997182
1
0.933481
0.891347
0.865455
0.844016
0.822664
0.79602
0.773479
0.746538
0.720608
0.693275
0.662112
0.633661
0.612179
0.585079
0.568138
0.539048
0.506855
0.485604
0.460403
0.426349
0.381158
0.382309
0.35108
0.305028
0.317806
0.279708
0.275962
0.275962
0.267956
0.249358
0.244022
0.225747
0.122011
0.211045
0.171264
0.122011
0.122011
0.0610056
0.141651
0.171264
0.122011
0.0966915
0.141651
0.122011
0.0966915
0.122011
0.122011
0.157697
0.0966915
0.0610056
0.0966915
0.0966915
0
0
0
0.122011
0
0
0
0
0
0
0
0
0
0
0
0
0
0
0
0
0
0
0
0
0
0
0
0
0
0
0
0
0
0
0
0
0
0
0
0.0653528
0
0
0.151744
0
0.130706
0.168934
0.226083
0.248821
0.255326
0.28245
0.317483
0.307187
0.342967
0.356789
0.376098
0.41197
0.404522
0.430346
0.469875
0.465243
0.484777
0.505926
0.511901
0.530256
0.548461
0.586315
0.605457
0.627138
0.66002
0.697183
0.730719
0.790962
0.861303
0.949758
0.992672
1
0.998707
0.961904
0.925593
0.899613
0.88213
0.867859
0.84858
0.824916
0.803413
0.780954
0.756029
0.730027
0.700542
0.669653
0.650153
0.626772
0.601544
0.566998
0.545901
0.520208
0.467256
0.436981
0.405805
0.386032
0.374336
0.345416
0.326764
0.267127
0.303489
0.277614
0.291436
0.277614
0.207163
0.207163
0.217097
0.207163
0.103582
0
0.151744
0.0653528
0.196058
0.151744
0.103582
0.103582
0.183468
0
0
0.103582
0.130706
0
0.0653528
0.0653528
0
0.0653528
0
0
0
0.0653528
0
0
0
0
0
0
0
0
0
0
0
0
0
0
0
0
0
0
0
0
0
0
0
0
0
0
0
0
0
0
0
0
0
0
0.135388
0
0.157181
0.0676942
0.107293
0.174987
0.234183
0.264474
0.203083
0.32543
0.306219
0.338471
0.347223
0.367327
0.37807
0.391365
0.407679
0.429171
0.445764
0.451684
0.476865
0.517932
0.52221
0.534022
0.543068
0.576196
0.591289
0.624575
0.65332
0.689373
0.727477
0.77783
0.84914
0.932243
0.986551
0.989074
0.996367
1
0.97222
0.939528
0.914114
0.893666
0.875922
0.866752
0.853631
0.829494
0.807366
0.789736
0.767302
0.738587
0.716921
0.685868
0.658754
0.635368
0.610008
0.589204
0.554069
0.528513
0.486709
0.444741
0.407679
0.371767
0.365029
0.32543
0.32543
0.33537
0.314362
0.28756
0.264474
0.234183
0.157181
0.157181
0.174987
0.242681
0.174987
0.174987
0.135388
0.203083
0.107293
0.190042
0
0.0676942
0.135388
0.135388
0
0
0.107293
0.107293
0
0
0.135388
0
0.157181
0
0
0
0
0
0
0
0
0
0
0
0
0
0
0
0
0
0
0
0
0
0
0
0
0
0
0
0
0
0
0
0
0
0
0
0.068993
0.068993
0.109351
0.137986
0.137986
0.160197
0.206979
0.255304
0.238676
0.247337
0.307669
0.287696
0.350999
0.350999
0.344965
0.378899
0.405861
0.421445
0.418518
0.45937
0.467866
0.499399
0.50391
0.530797
0.544687
0.552718
0.583924
0.612417
0.645149
0.67675
0.720275
0.762174
0.824479
0.90507
0.968539
0.978769
0.977149
0.990873
1
0.975557
0.944446
0.919604
0.897768
0.878108
0.867084
0.858511
0.840371
0.819105
0.806196
0.786175
0.769123
0.737474
0.711438
0.68737
0.658669
0.64221
0.609843
0.592043
0.55425
0.523826
0.48217
0.409179
0.389386
0.356688
0.338541
0.324297
0.31633
0.238676
0.312094
0.193688
0.255304
0.247337
0.178344
0.206979
0.109351
0.160197
0.193688
0.193688
0.178344
0.068993
0.109351
0.109351
0
0.137986
0.137986
0.137986
0.109351
0.068993
0
0.068993
0
0
0
0.068993
0
0
0
0
0
0
0
0
0
0
0
0
0
0
0
0
0
0
0
0
0
0
0
0
0
0
0
0
0
0
0
0
0
0
0.110876
0
0.069955
0.110876
0.16243
0.069955
0.16243
0.250786
0.250786
0.209865
0.291707
0.324861
0.349775
0.336298
0.346571
0.358819
0.384182
0.384182
0.409795
0.41152
0.45301
0.464771
0.493552
0.493552
0.52353
0.546163
0.550571
0.590044
0.619005
0.662164
0.709043
0.746898
0.799214
0.874077
0.943242
0.967832
0.962965
0.970906
0.98916
1
0.978777
0.946442
0.921913
0.900937
0.880282
0.864164
0.857486
0.84611
0.829007
0.814766
0.799104
0.775018
0.753692
0.726844
0.704361
0.675139
0.661303
0.628604
0.607909
0.585266
0.556028
0.495803
0.482327
0.396814
0.372295
0.372295
0.358819
0.30234
0.27982
0.30234
0.250786
0.266343
0.242004
0.16243
0.209865
0.110876
0.209865
0.180831
0.16243
0.13991
0
0
0.069955
0.196388
0
0.180831
0
0
0.069955
0
0.069955
0
0
0
0
0
0
0
0
0.110876
0
0
0
0
0
0
0
0
0
0
0
0
0
0
0
0
0
0
0
0
0
0
0
0
0
0
0
0
0
0
0
0.0705285
0.111785
0.0705285
0.163762
0.182314
0.211586
0.275547
0.243989
0.294099
0.294099
0.346076
0.323371
0.327524
0.389569
0.402043
0.414894
0.409584
0.450841
0.47451
0.462285
0.507088
0.518917
0.543588
0.54261
0.578656
0.606801
0.633154
0.687407
0.727751
0.775465
0.844183
0.915003
0.951082
0.951992
0.952387
0.965466
0.986801
1
0.978832
0.949832
0.923645
0.898562
0.87934
0.864474
0.852042
0.848042
0.829143
0.816439
0.805023
0.784476
0.761257
0.742763
0.721084
0.690785
0.675081
0.643145
0.629663
0.600877
0.578656
0.541622
0.487133
0.419941
0.400068
0.361761
0.380312
0.31904
0.243989
0.288283
0.268527
0.282114
0.234291
0.252842
0.22357
0.197999
0.234291
0.141057
0.111785
0.141057
0.0705285
0.141057
0
0.141057
0.0705285
0.0705285
0.0705285
0
0
0
0
0
0
0
0.0705285
0
0.0705285
0
0
0
0
0
0
0
0
0
0
0
0
0
0
0
0
0
0
0
0
0
0
0
0
0
0
0
0
0
0
0
0
0.0714079
0.0714079
0
0
0.142816
0.142816
0.165804
0.255995
0.278983
0.247031
0.255995
0.278983
0.366272
0.339537
0.374744
0.36021
0.387478
0.407057
0.414691
0.442003
0.455228
0.483302
0.51688
0.528482
0.540548
0.551835
0.592302
0.616464
0.660375
0.71793
0.753132
0.813156
0.888469
0.931753
0.94827
0.942693
0.951793
0.9661
0.991037
1
0.982052
0.953205
0.926246
0.906057
0.882623
0.870119
0.85591
0.847225
0.83407
0.819784
0.804872
0.786588
0.766785
0.755177
0.730676
0.703716
0.678079
0.657802
0.642066
0.614102
0.587259
0.57086
0.514114
0.461255
0.421799
0.339537
0.346898
0.346898
0.343283
0.318439
0.226358
0.237212
0.165804
0.214224
0.142816
0.237212
0.165804
0.200467
0.214224
0.113179
0
0.113179
0.0714079
0.0714079
0.0714079
0.113179
0.0714079
0
0.0714079
0
0
0.142816
0.0714079
0
0
0
0
0
0
0
0
0
0
0
0
0
0
0
0
0
0
0
0
0
0
0
0
0
0
0
0
0
0
0
0
0
0
0.114389
0
0.167578
0
0
0.0721717
0.144343
0.202612
0.202612
0.294999
0.239749
0.294999
0.294999
0.335155
0.335155
0.335155
0.375975
0.357553
0.389173
0.424561
0.431391
0.42097
0.475248
0.476327
0.513034
0.504385
0.550097
0.573647
0.589275
0.636337
0.692169
0.739611
0.787006
0.860902
0.915052
0.937121
0.933859
0.939131
0.951127
0.971962
0.992556
1
0.985705
0.956414
0.92889
0.908261
0.889518
0.873657
0.857481
0.84945
0.839311
0.818376
0.809794
0.799529
0.774987
0.753085
0.741141
0.716505
0.693378
0.672127
0.641954
0.622004
0.604127
0.573225
0.53717
0.498482
0.41534
0.391623
0.389173
0.343168
0.326473
0.274783
0.239749
0.258733
0.216515
0.202612
0.186561
0
0.114389
0.0721717
0.0721717
0.0721717
0.186561
0.144343
0.114389
0.0721717
0.114389
0.0721717
0
0
0.0721717
0.0721717
0
0
0
0
0
0
0
0
0
0
0
0
0
0
0
0
0
0
0
0
0
0
0
0
0
0
0
0
0
0
0
0
0
0
0
0
0
0.0728105
0.0728105
0
0.0728105
0.0728105
0.169061
0.145621
0.218431
0.218431
0.277215
0.230804
0.314682
0.277215
0.384833
0.29761
0.364052
0.387492
0.379303
0.395089
0.419016
0.430084
0.46417
0.478354
0.499333
0.501129
0.527032
0.533768
0.579149
0.609156
0.668031
0.726346
0.765868
0.834925
0.890997
0.919051
0.93226
0.926695
0.937713
0.95353
0.971927
0.994428
1
0.985642
0.955679
0.930303
0.909956
0.894105
0.872773
0.863357
0.848221
0.839534
0.82199
0.814826
0.800659
0.781969
0.761108
0.748717
0.726659
0.704383
0.680363
0.641969
0.641969
0.62174
0.584917
0.547222
0.517575
0.461608
0.397504
0.382104
0.384833
0.357273
0.291242
0.251883
0.269431
0.218431
0.169061
0.145621
0.145621
0.169061
0.145621
0
0.0728105
0.145621
0
0.115402
0.145621
0.0728105
0.0728105
0
0
0.0728105
0.0728105
0
0
0
0
0
0
0
0
0
0
0
0
0
0
0
0
0
0
0
0
0
0
0
0
0
0
0
0
0
0
0
0
0
0
0
0
0.116361
0
0.0734153
0
0.0734153
0.170465
0.0734153
0.146831
0.189776
0.189776
0.311863
0.279518
0.300082
0.271669
0.300082
0.336606
0.349082
0.35665
0.345084
0.390711
0.405514
0.42444
0.448459
0.474221
0.483437
0.534179
0.537542
0.536878
0.584386
0.636168
0.694768
0.745612
0.797142
0.867195
0.902529
0.925775
0.922663
0.923825
0.935341
0.952284
0.972894
0.99383
1
0.984542
0.959424
0.932772
0.912701
0.892257
0.876224
0.857194
0.851372
0.843862
0.833454
0.816633
0.803671
0.781819
0.761447
0.751656
0.73851
0.713803
0.67894
0.654562
0.630268
0.616125
0.586492
0.56223
0.516361
0.449983
0.393326
0.410022
0.345084
0.263191
0.336606
0.253975
0.189776
0.24388
0.146831
0.116361
0.170465
0.116361
0.206103
0.116361
0.170465
0
0.116361
0.0734153
0.146831
0
0.116361
0
0
0.0734153
0
0
0
0
0
0
0
0
0
0
0
0
0
0
0
0
0
0
0
0
0
0
0
0
0
0
0
0
0
0
0
0
0
0
0.0740408
0
0
0.148082
0.0740408
0.0740408
0
0
0.117352
0.171918
0.171918
0.256139
0.171918
0.273984
0.265434
0.256139
0.325211
0.319999
0.343835
0.379776
0.385712
0.388561
0.413515
0.413515
0.4241
0.459753
0.477041
0.498141
0.528618
0.527858
0.568595
0.606747
0.669655
0.730353
0.771034
0.84141
0.884775
0.907263
0.921324
0.914637
0.923131
0.939465
0.952947
0.971829
0.992931
1
0.983887
0.958437
0.939173
0.911929
0.899812
0.880393
0.863876
0.848542
0.845035
0.835238
0.81424
0.809321
0.789736
0.772589
0.749023
0.739781
0.717326
0.693328
0.648713
0.637568
0.621692
0.59722
0.578063
0.550466
0.475806
0.422065
0.36331
0.366813
0.319999
0.2819
0.245958
0.148082
0.222123
0.234704
0.148082
0.171918
0
0.171918
0.234704
0.148082
0
0.117352
0.0740408
0.0740408
0.0740408
0.117352
0.0740408
0.171918
0
0
0
0
0
0
0
0
0
0
0
0
0
0
0
0
0
0
0
0
0
0
0
0
0
0
0
0
0
0
0
0
0
0
0
0
0.149933
0
0
0.0749665
0.0749665
0.118819
0.118819
0.118819
0.174067
0.210458
0.249033
0.224899
0.299866
0.299866
0.285424
0.318452
0.285424
0.356457
0.334308
0.398966
0.409274
0.384524
0.425242
0.442819
0.461025
0.454753
0.492519
0.523062
0.548899
0.58432
0.6378
0.701832
0.754012
0.813635
0.867245
0.8941
0.913132
0.918915
0.918871
0.926608
0.943433
0.957851
0.979695
0.996187
1
0.989026
0.966566
0.941801
0.922713
0.903488
0.883023
0.866063
0.85737
0.84813
0.840789
0.823463
0.817482
0.799009
0.778187
0.754114
0.748603
0.726817
0.68516
0.65732
0.646365
0.63074
0.60265
0.571946
0.541196
0.473933
0.462538
0.414082
0.360391
0.334308
0.306423
0.210458
0.249033
0.249033
0.149933
0.0749665
0
0.118819
0.193786
0.0749665
0.118819
0
0
0.0749665
0
0.0749665
0
0.0749665
0.118819
0
0
0
0
0
0
0
0
0
0
0
0
0
0
0
0
0
0
0
0
0
0
0
0
0
0
0
0
0
0
0
0
0
0
0
0
0
0.0750913
0
0
0.174357
0.119017
0
0.150183
0.119017
0.259773
0.210808
0.285899
0.269199
0.277871
0.293373
0.324539
0.318982
0.344291
0.352962
0.39963
0.396887
0.404916
0.394073
0.43413
0.474722
0.47871
0.494473
0.518647
0.566706
0.608879
0.654364
0.733753
0.779968
0.838811
0.876031
0.891505
0.908234
0.907164
0.915001
0.925502
0.938461
0.954066
0.972035
0.990672
1
0.986857
0.961811
0.940851
0.918232
0.897738
0.884338
0.866235
0.855705
0.846563
0.836962
0.823759
0.812561
0.797486
0.773724
0.761584
0.743808
0.729841
0.688393
0.654878
0.639158
0.625915
0.611975
0.570687
0.53457
0.496707
0.445347
0.417101
0.348713
0.285899
0.306933
0.306933
0.249448
0.210808
0.210808
0.119017
0.174357
0.119017
0.0750913
0.194108
0.0750913
0.150183
0.119017
0
0.119017
0
0
0
0.0750913
0.174357
0
0
0
0
0
0
0
0
0
0
0
0
0
0
0
0
0
0
0
0
0
0
0
0
0
0
0
0
0
0
0
0
0
0
0
0
0
0.0752038
0.194399
0
0.119195
0.119195
0.194399
0.119195
0.225611
0.23839
0.307393
0.278287
0.269603
0.313594
0.31946
0.325025
0.361531
0.369017
0.361531
0.415393
0.405523
0.405523
0.451223
0.466974
0.480726
0.50285
0.536149
0.59949
0.639818
0.700534
0.754655
0.806139
0.852422
0.87877
0.891208
0.904258
0.901407
0.910361
0.923495
0.934935
0.953925
0.969625
0.988336
1
0.985958
0.964695
0.939548
0.919405
0.893418
0.879591
0.864532
0.852883
0.84535
0.832817
0.830683
0.810243
0.795675
0.77793
0.76234
0.740889
0.728066
0.681804
0.658401
0.641592
0.632098
0.6066
0.587143
0.552652
0.491769
0.436735
0.391771
0.353491
0.344807
0.335366
0.211124
0.211124
0.150408
0.249822
0.0752038
0.150408
0.23839
0.150408
0.0752038
0.174618
0.119195
0
0.0752038
0.119195
0.0752038
0
0.0752038
0
0
0.0752038
0
0
0
0
0
0
0
0
0
0
0
0
0
0
0
0
0
0
0
0
0
0
0
0
0
0
0
0
0
0
0
0
0
0.120494
0
0.120494
0.0760233
0
0.152047
0.0760233
0.176521
0.213424
0
0.213424
0.289448
0.262997
0.297015
0.213424
0.322941
0.333918
0.310742
0.304093
0.348564
0.389945
0.389945
0.415044
0.433366
0.417509
0.443435
0.470571
0.516534
0.559345
0.616038
0.668827
0.729108
0.778991
0.829463
0.866285
0.885444
0.89374
0.901983
0.903241
0.911284
0.923953
0.936345
0.955077
0.973749
0.996702
1
0.990922
0.966953
0.942267
0.919782
0.900533
0.882004
0.870009
0.85676
0.851855
0.84174
0.836256
0.815765
0.799138
0.788992
0.770745
0.744232
0.717251
0.6827
0.650348
0.633002
0.633684
0.60247
0.578334
0.55173
0.481976
0.39604
0.386766
0.389945
0.376634
0.328567
0.22807
0
0.213424
0.196517
0.252544
0.176521
0.176521
0.176521
0.120494
0.176521
0.176521
0.0760233
0.0760233
0.0760233
0
0
0
0
0
0
0
0
0
0
0
0
0
0
0
0
0
0
0
0
0
0
0
0
0
0
0
0
0
0
0
0
0
0
0
0
0
0
0
0
0.120999
0
0
0.0763416
0.0763416
0.0763416
0.214318
0.152683
0.214318
0.229025
0.241997
0.29066
0.273682
0.253601
0.29066
0.312043
0.324294
0.367001
0.391578
0.419257
0.41425
0.400635
0.416782
0.430861
0.466335
0.485346
0.565645
0.591509
0.647975
0.71096
0.759474
0.808502
0.851044
0.872059
0.883731
0.891697
0.898528
0.905228
0.91115
0.927773
0.939638
0.956517
0.97929
0.995071
1
0.990925
0.968875
0.944377
0.923206
0.904423
0.88591
0.869667
0.862293
0.852586
0.84299
0.835201
0.825051
0.80524
0.795316
0.775717
0.749444
0.71554
0.672368
0.643913
0.651001
0.633924
0.622938
0.594041
0.554758
0.459757
0.419257
0.397698
0.403496
0.350023
0.241997
0.152683
0.264099
0.0763416
0.229025
0.152683
0.152683
0.17726
0
0.120999
0
0.120999
0.17726
0
0
0
0.0763416
0.0763416
0
0
0
0.0763416
0
0
0
0
0
0
0
0
0
0
0
0
0
0
0
0
0
0
0
0
0
0
0
0
0
0
0
0
0
0
0
0.121559
0
0.121559
0
0.0766955
0.121559
0
0.121559
0.121559
0.198255
0.230086
0.198255
0.254777
0.31349
0.27495
0.351646
0.319814
0.351646
0.319814
0.383477
0.393393
0.379965
0.383477
0.402492
0.454861
0.460173
0.474732
0.495409
0.529727
0.611381
0.677685
0.735555
0.777068
0.819808
0.849695
0.875414
0.880486
0.891919
0.89348
0.895493
0.911959
0.924326
0.937849
0.958184
0.975503
0.995518
1
0.989134
0.962899
0.941769
0.920238
0.901355
0.884815
0.873327
0.860691
0.851219
0.840805
0.838678
0.824723
0.801876
0.791904
0.780753
0.743847
0.706324
0.665677
0.646578
0.6519
0.635453
0.605961
0.561559
0.538584
0.483472
0.451172
0.413566
0.372585
0.283807
0.230086
0.178081
0.121559
0.198255
0.230086
0.215311
0.178081
0.198255
0.0766955
0.153391
0.153391
0.0766955
0.0766955
0.153391
0
0
0
0
0
0
0.0766955
0
0
0
0
0
0
0
0
0
0
0
0
0
0
0
0
0
0
0
0
0
0
0
0
0
0
0
0
0
0
0
0
0.0770769
0
0.0770769
0.0770769
0
0.122164
0
0.0770769
0.122164
0.231231
0.178967
0.199241
0.256044
0.256044
0.293459
0.231231
0.293459
0.333121
0.357934
0.385385
0.388806
0.398482
0.443569
0.437213
0.404494
0.465883
0.478605
0.519611
0.579893
0.640381
0.70946
0.75006
0.794798
0.830424
0.857313
0.868769
0.873998
0.888728
0.893834
0.899299
0.907881
0.921476
0.942304
0.955327
0.978207
0.994053
1
0.984434
0.965936
0.940455
0.916699
0.899059
0.883533
0.870111
0.862715
0.851268
0.839036
0.836419
0.823277
0.804429
0.79506
0.781229
0.744425
0.707367
0.65171
0.646522
0.645187
0.651393
0.620037
0.547094
0.529546
0.474003
0.381854
0.385385
0.315049
0.293459
0.256044
0.266642
0.178967
0.216382
0.266642
0.199241
0.122164
0.199241
0.154154
0.178967
0.0770769
0.0770769
0
0.122164
0
0
0
0.0770769
0
0
0
0
0
0
0
0
0
0
0
0
0
0
0
0
0
0
0
0
0
0
0
0
0
0
0
0
0
0
0
0
0
0
0
0
0
0
0
0.123739
0.156141
0.0780703
0.181274
0.219171
0.156141
0.270079
0.270079
0.279879
0.259344
0.288895
0.34291
0.305012
0.331637
0.34291
0.390352
0.383083
0.39718
0.383083
0.447181
0.42363
0.470168
0.511719
0.558183
0.62144
0.677335
0.732757
0.777807
0.811164
0.84266
0.859977
0.875979
0.88137
0.897368
0.894722
0.901921
0.919422
0.927473
0.944549
0.965762
0.98016
0.997123
1
0.988891
0.966229
0.946231
0.928632
0.905246
0.892134
0.885349
0.871942
0.858719
0.847139
0.845727
0.823925
0.810996
0.800798
0.788048
0.743201
0.696995
0.668457
0.652477
0.656192
0.636649
0.605947
0.589189
0.51409
0.476894
0.42622
0.371216
0.325547
0.305012
0.234211
0.234211
0.247477
0.201809
0.156141
0.201809
0.201809
0
0.123739
0.201809
0.123739
0.156141
0
0
0.0780703
0.0780703
0
0.0780703
0
0
0
0
0
0
0
0
0
0
0
0
0
0
0
0
0
0
0
0
0
0
0
0
0
0
0
0
0
0
0
0
0
0
0
0
0
0
0
0.0785412
0.124485
0.0785412
0.157082
0.124485
0.290637
0.299034
0.327511
0.271708
0.299034
0.290637
0.271708
0.355286
0.299034
0.33945
0.360109
0.377576
0.409157
0.40286
0.426185
0.460093
0.486156
0.522944
0.592742
0.656066
0.707753
0.749825
0.790814
0.827148
0.843383
0.870092
0.878959
0.891647
0.896399
0.898253
0.906033
0.918626
0.930359
0.949806
0.964433
0.984288
0.994856
1
0.98781
0.967291
0.94816
0.929152
0.915264
0.9008
0.888839
0.87823
0.869038
0.853772
0.846588
0.830318
0.821174
0.802721
0.78032
0.742471
0.696447
0.670676
0.675448
0.644397
0.637672
0.608553
0.558312
0.51113
0.469463
0.433827
0.385393
0.344978
0.260908
0.220493
0.24897
0.182367
0.220493
0.235624
0.203026
0.182367
0.157082
0.203026
0.203026
0
0.0785412
0
0.0785412
0.0785412
0.124485
0.0785412
0
0
0.0785412
0
0
0
0
0
0
0
0
0
0
0
0
0
0
0
0
0
0
0
0
0
0
0
0
0
0
0
0
0
0
0
0
0
0
0
0
0.0795105
0
0.0795105
0.184618
0.126021
0
0.159021
0.126021
0.264128
0.294224
0.302725
0.252042
0.331553
0.324996
0.349235
0.349235
0.38626
0.407832
0.393911
0.420245
0.444063
0.425982
0.484017
0.555674
0.632904
0.692052
0.740111
0.76736
0.812915
0.840866
0.853791
0.874335
0.884433
0.89694
0.899538
0.906065
0.914041
0.922463
0.941965
0.954014
0.970148
0.984053
1
0.997418
0.988994
0.977643
0.957954
0.938713
0.924039
0.909214
0.902123
0.887977
0.874783
0.864492
0.851895
0.839429
0.825871
0.806201
0.781187
0.753259
0.695573
0.67391
0.670972
0.659509
0.638303
0.601883
0.552003
0.498275
0.428746
0.420245
0.390149
0.310639
0.285042
0.264128
0.205532
0
0.205532
0
0.159021
0
0.126021
0
0.126021
0.0795105
0.184618
0
0
0
0
0
0
0
0
0
0
0
0
0
0
0
0
0
0
0
0
0
0
0
0
0
0
0
0
0
0
0
0
0
0
0
0
0
0
0
0.0800908
0
0.0800908
0.126941
0
0.0800908
0.160182
0.185965
0.126941
0.207032
0.126941
0.160182
0.207032
0.240272
0.240272
0.287123
0.346147
0.351784
0.357159
0.304934
0.385025
0.376462
0.392997
0.396786
0.400454
0.400454
0.46917
0.500401
0.572629
0.655533
0.707939
0.75712
0.784443
0.819523
0.835718
0.860158
0.876746
0.880773
0.898261
0.902927
0.908307
0.916557
0.929418
0.941258
0.952544
0.97072
0.986376
0.996212
1
0.993708
0.976416
0.961287
0.942953
0.927434
0.913489
0.905876
0.891714
0.881055
0.864273
0.853553
0.837046
0.824228
0.802588
0.772817
0.754789
0.706925
0.683597
0.668656
0.655135
0.627342
0.559729
0.560636
0.463034
0.429091
0.407459
0.34022
0.287123
0.160182
0.207032
0.160182
0.185965
0.253882
0.207032
0
0.185965
0
0
0.126941
0.0800908
0
0
0
0.126941
0
0
0
0.126941
0
0
0
0
0
0
0
0
0
0
0
0
0
0
0
0
0
0
0
0
0
0
0
0
0
0
0
0
0
0
0
0
0.0799692
0
0.0799692
0.0799692
0.0799692
0.126748
0.159938
0
0.206717
0.159938
0.224502
0.265652
0.159938
0.206717
0.265652
0.319877
0.326871
0.319877
0.339703
0.333465
0.345621
0.366656
0.388489
0.410185
0.453619
0.422669
0.50115
0.534714
0.624348
0.686231
0.71859
0.765445
0.788086
0.821214
0.835939
0.851612
0.874122
0.878415
0.891331
0.898917
0.901229
0.910991
0.922583
0.932796
0.951219
0.965398
0.983282
0.992199
1
0.994324
0.978814
0.958754
0.943125
0.924317
0.915166
0.899202
0.886867
0.877328
0.864512
0.84929
0.833023
0.808579
0.786454
0.762683
0.747787
0.696871
0.685324
0.673169
0.643304
0.603519
0.5932
0.506993
0.481604
0.436586
0.396183
0.339703
0.35125
0.312431
0.185683
0.126748
0.159938
0.126748
0.253496
0.185683
0.126748
0
0.0799692
0.126748
0
0.126748
0
0
0
0.0799692
0.0799692
0.159938
0
0
0
0
0
0
0
0
0
0
0
0
0
0
0
0
0
0
0
0
0
0
0
0
0
0
0
0
0
0
0.0800876
0
0
0
0.0800876
0
0
0.160175
0
0.0800876
0.126936
0.126936
0.160175
0.224834
0.126936
0.185958
0.277057
0.304922
0.327355
0.362281
0.32035
0.346133
0.327355
0.376447
0.376447
0.417212
0.437233
0.417212
0.460895
0.4973
0.575816
0.643377
0.695961
0.730314
0.7605
0.795092
0.823548
0.83065
0.854232
0.873326
0.878569
0.886901
0.897396
0.904605
0.911952
0.918045
0.928636
0.947446
0.964907
0.976377
0.995797
1
0.994579
0.981428
0.959203
0.940918
0.926867
0.914934
0.90488
0.888867
0.875416
0.866498
0.851498
0.829247
0.801551
0.790863
0.764742
0.73339
0.691686
0.67143
0.675509
0.632277
0.607461
0.529756
0.503383
0.449668
0.431858
0.385009
0.253872
0.312893
0.253872
0.287111
0.253872
0.126936
0.126936
0.224834
0
0.185958
0.207023
0
0
0.0800876
0.0800876
0
0.0800876
0
0
0.0800876
0
0
0
0
0
0
0
0
0
0
0
0
0
0
0
0
0
0
0
0
0
0
0
0
0
0
0
0
0
0
0
0
0
0
0
0.0793044
0.125695
0.125695
0.125695
0.158609
0
0.222636
0.125695
0.204999
0.237913
0.222636
0.251389
0.222636
0.30194
0.284303
0.274348
0.293461
0.30194
0.324154
0.372766
0.368278
0.381244
0.409998
0.396522
0.468442
0.521019
0.602115
0.663486
0.708012
0.730543
0.761904
0.791469
0.811951
0.827512
0.845243
0.858151
0.875977
0.878069
0.885675
0.889969
0.895257
0.906236
0.924157
0.936279
0.951848
0.970678
0.984853
1
0.9966
0.977295
0.955011
0.934865
0.920108
0.909553
0.892994
0.882703
0.867848
0.850501
0.833707
0.815402
0.786491
0.766363
0.754637
0.725817
0.69483
0.665207
0.642626
0.626094
0.582787
0.548696
0.454249
0.432957
0.419156
0.34833
0.263444
0.284303
0.263444
0.184139
0.222636
0.158609
0.263444
0.125695
0.158609
0
0.204999
0
0
0.0793044
0
0
0
0
0.0793044
0
0
0
0
0
0
0
0
0
0
0
0
0
0
0
0
0
0
0
0
0
0
0
0
0
0
0
0
0
0
0
0
0
0.0782641
0.0782641
0.156528
0.156528
0
0
0.0782641
0
0.124046
0.0782641
0.156528
0.20231
0.181724
0.234792
0.20231
0.280574
0.248091
0.289611
0.280574
0.313056
0.319901
0.33246
0.338252
0.407713
0.387736
0.407713
0.44829
0.471335
0.546963
0.622072
0.666781
0.703713
0.728864
0.757142
0.787285
0.791746
0.812417
0.831182
0.843214
0.860905
0.864219
0.868629
0.876003
0.887546
0.897621
0.909553
0.921446
0.938311
0.959082
0.983526
1
0.991067
0.972325
0.945858
0.924908
0.91518
0.898888
0.881693
0.864219
0.857092
0.840407
0.819476
0.791441
0.765913
0.74733
0.732015
0.711843
0.683083
0.653059
0.625227
0.603748
0.565001
0.487493
0.466
0.427277
0.354032
0.313056
0.305769
0.259988
0.289611
0.20231
0.20231
0.219715
0.219715
0.124046
0.124046
0.20231
0.20231
0.124046
0.0782641
0.181724
0.0782641
0
0
0
0
0
0
0
0
0
0
0
0
0
0
0
0
0
0
0
0
0
0
0
0
0
0
0
0
0
0
0
0
0
0
0
0
0
0
0.154723
0.0773617
0
0.154723
0
0
0.154723
0.122615
0.0773617
0.0773617
0.122615
0.154723
0
0.199977
0.25699
0.267627
0.277339
0.25699
0.322592
0.339797
0.344989
0.359257
0.371905
0.3547
0.408888
0.424859
0.458812
0.548298
0.634719
0.665304
0.688118
0.72289
0.752173
0.772961
0.778208
0.797118
0.818507
0.830127
0.846361
0.848108
0.854413
0.864027
0.87549
0.884642
0.895832
0.912373
0.926555
0.953354
0.97964
1
0.99491
0.969825
0.942546
0.921514
0.90351
0.885526
0.868634
0.857128
0.841307
0.820887
0.79747
0.765714
0.74676
0.731321
0.721508
0.701368
0.674943
0.637706
0.607424
0.565737
0.51058
0.480374
0.458812
0.39681
0.359257
0.25699
0.286272
0.267627
0.154723
0.232085
0.199977
0.217182
0.217182
0.154723
0.154723
0.154723
0.199977
0
0
0
0.0773617
0
0
0
0
0
0
0
0
0
0
0
0
0
0
0
0
0
0
0
0
0
0
0
0
0
0
0
0
0
0
0
0
0
0
0
0
0
0
0
0.120827
0.0762332
0
0.0762332
0
0
0.120827
0
0.19706
0.177008
0.177008
0.214014
0.214014
0.2287
0.241654
0.290247
0.297835
0.273293
0.329474
0.317887
0.354016
0.344846
0.381166
0.411074
0.430249
0.525614
0.585431
0.626942
0.657007
0.672147
0.704999
0.738566
0.761253
0.773165
0.788579
0.801345
0.823879
0.833623
0.829852
0.838512
0.852422
0.864939
0.869491
0.881135
0.895634
0.918026
0.947094
0.980397
1
0.994507
0.967698
0.93607
0.911001
0.893472
0.872411
0.86168
0.845687
0.824796
0.80417
0.772482
0.747277
0.730406
0.723747
0.7059
0.679458
0.650375
0.612414
0.583264
0.548854
0.512891
0.455667
0.438714
0.370339
0.329474
0.304933
0.297835
0.241654
0.241654
0.253241
0.253241
0.253241
0.0762332
0
0
0.0762332
0.152466
0.0762332
0
0
0
0
0
0
0
0
0
0
0
0
0
0
0
0
0
0
0
0
0
0
0
0
0
0
0
0
0
0
0
0
0
0.0752412
0
0
0
0
0
0
0.0752412
0
0
0
0
0
0
0.174705
0.174705
0
0.0752412
0.194496
0.238509
0.174705
0.269737
0.225724
0.211229
0.211229
0.278425
0.238509
0.31375
0.319619
0.340358
0.307546
0.361711
0.388991
0.4268
0.519683
0.601505
0.62982
0.6634
0.670841
0.704569
0.72948
0.745293
0.762719
0.780875
0.793633
0.809085
0.816498
0.81644
0.832524
0.840297
0.851024
0.861058
0.870779
0.886966
0.909325
0.943242
0.981565
1
0.994694
0.969003
0.932956
0.904028
0.886289
0.86712
0.851875
0.833784
0.81077
0.787901
0.755855
0.730911
0.725071
0.710498
0.686315
0.660966
0.640136
0.608909
0.56667
0.529203
0.479665
0.45642
0.403109
0.325187
0.269737
0.325187
0.249946
0.225724
0.225724
0.194496
0.249946
0.174705
0.150482
0.194496
0.119254
0.174705
0
0
0.119254
0
0
0
0
0
0
0
0
0
0
0
0
0
0
0
0
0
0
0
0
0
0
0
0
0
0
0
0
0
0
0
0
0
0
0
0
0
0
0
0.0744273
0.0744273
0.0744273
0
0
0
0
0
0.117964
0
0.148855
0.208944
0.117964
0.235929
0.208944
0.208944
0.235929
0.172815
0.275414
0.290779
0.235929
0.326908
0.34563
0.357798
0.365207
0.396097
0.443155
0.535852
0.59114
0.635547
0.638956
0.652099
0.680232
0.723388
0.733239
0.754564
0.775373
0.778162
0.794976
0.806263
0.809052
0.818857
0.828658
0.836888
0.85027
0.863523
0.879566
0.906795
0.944774
0.983935
1
0.995225
0.96474
0.92938
0.897996
0.879476
0.85594
0.841861
0.817594
0.789337
0.766457
0.743325
0.722235
0.716958
0.694974
0.673556
0.640068
0.609914
0.587138
0.540148
0.491214
0.454641
0.417888
0.398748
0.336677
0.290779
0.257476
0.283371
0.235929
0.0744273
0.148855
0.172815
0.208944
0.148855
0.117964
0
0.0744273
0
0
0
0.148855
0
0
0
0
0
0
0
0
0
0
0
0
0
0
0
0
0
0
0
0
0
0
0
0
0
0
0
0
0
0
0
0
0
0
0
0
0
0.0730834
0.0730834
0.0730834
0
0
0.0730834
0.146167
0.115834
0.115834
0.0730834
0.115834
0.115834
0
0.115834
0.188918
0.188918
0.262001
0.205171
0.270441
0.298726
0.292334
0.298726
0.310453
0.36207
0.343524
0.388945
0.41456
0.472077
0.543956
0.58711
0.613339
0.629323
0.640809
0.669986
0.707538
0.715453
0.74261
0.754609
0.762751
0.771295
0.787759
0.794612
0.803969
0.810503
0.825743
0.838203
0.8546
0.870553
0.897393
0.941214
0.977255
1
0.991062
0.960843
0.922346
0.893085
0.866166
0.841607
0.821907
0.796341
0.771225
0.744978
0.722369
0.705594
0.68516
0.669803
0.653335
0.62032
0.583424
0.551553
0.496559
0.463338
0.431696
0.416608
0.36207
0.315861
0.270441
0.242778
0.242778
0.205171
0.146167
0.188918
0.146167
0.205171
0.205171
0
0
0
0.0730834
0
0
0.0730834
0
0
0
0
0
0
0
0
0
0
0
0
0
0
0
0
0
0
0
0
0
0
0
0
0
0
0
0
0
0
0
0
0
0
0
0.0720922
0.0720922
0
0
0
0
0.0720922
0
0
0.114263
0.0720922
0.144184
0
0.114263
0.144184
0.144184
0.202388
0.228527
0.144184
0.27448
0.266773
0.266773
0.288369
0.32149
0.334786
0.33054
0.369781
0.369781
0.42584
0.497933
0.541823
0.575921
0.605329
0.621582
0.628723
0.653594
0.680163
0.707727
0.733892
0.743641
0.748895
0.76214
0.772413
0.777958
0.79091
0.800128
0.811782
0.828002
0.841967
0.861515
0.89391
0.934471
0.977619
1
0.990842
0.954858
0.913853
0.88158
0.855231
0.832162
0.801167
0.777841
0.749899
0.724515
0.710907
0.705631
0.67381
0.648422
0.62946
0.60471
0.566049
0.51095
0.48103
0.42584
0.42756
0.402632
0.32149
0.338865
0.27448
0.27448
0.266773
0.266773
0.216276
0.167393
0.114263
0.144184
0.114263
0.114263
0.0720922
0.114263
0.0720922
0.0720922
0
0
0
0
0
0
0
0
0
0
0
0
0
0
0
0
0
0
0
0
0
0
0
0
0
0
0
0
0
0
0
0
0
0
0
0
0
0
0
0.0708049
0
0.0708049
0.0708049
0.112223
0.112223
0.0708049
0
0.0708049
0.0708049
0.0708049
0.14161
0.183028
0.112223
0.164404
0.235209
0.212415
0.212415
0.198775
0.262009
0.300774
0.300774
0.244945
0.306014
0.381803
0.336669
0.407474
0.503318
0.542239
0.571119
0.595726
0.602674
0.619889
0.635838
0.663645
0.686716
0.717658
0.726273
0.740289
0.74752
0.754591
0.765442
0.77395
0.788099
0.797661
0.810473
0.829851
0.850726
0.884147
0.930887
0.97315
1
0.991381
0.950618
0.906022
0.872911
0.840453
0.81672
0.790974
0.76025
0.726524
0.710025
0.691401
0.673758
0.659558
0.628501
0.594824
0.584664
0.533259
0.475402
0.42483
0.43827
0.376819
0.310998
0.31575
0.31575
0.262009
0.183028
0.235209
0.198775
0.212415
0.198775
0.183028
0
0
0.0708049
0
0.112223
0
0
0
0
0
0
0
0
0
0
0
0
0
0
0
0
0
0
0
0
0
0
0
0
0
0
0
0
0
0
0
0
0
0
0
0
0
0
0
0.069419
0
0
0
0.110027
0.069419
0
0.069419
0.110027
0.161186
0.110027
0.138838
0
0.069419
0.179446
0.138838
0.069419
0.230605
0.194884
0.179446
0.138838
0.220053
0.271212
0.314021
0.277676
0.314021
0.337236
0.376686
0.440106
0.488253
0.541979
0.558054
0.578635
0.59224
0.593851
0.611398
0.639311
0.670464
0.700721
0.709489
0.721051
0.725513
0.737245
0.751071
0.759669
0.766549
0.779452
0.79443
0.817708
0.837569
0.876099
0.919452
0.971976
1
0.986865
0.940236
0.894909
0.853719
0.82325
0.798343
0.762626
0.734863
0.709068
0.695067
0.667316
0.657937
0.630658
0.600547
0.567841
0.524432
0.515524
0.46121
0.432398
0.406655
0.364306
0.318284
0.309569
0.208257
0.230605
0.138838
0.24015
0.194884
0.179446
0.069419
0.161186
0.220053
0
0.110027
0.069419
0
0
0
0
0
0
0
0
0
0
0
0
0
0
0
0
0
0
0
0
0
0
0
0
0
0
0
0
0
0
0
0
0
0
0
0
0
0
0
0
0
0
0.0679292
0.0679292
0
0
0.0679292
0
0.0679292
0.175594
0.107665
0.107665
0.0679292
0.157727
0.175594
0.175594
0.175594
0.135858
0.135858
0.234996
0.215331
0.234996
0.190701
0.293585
0.234996
0.329999
0.366296
0.370855
0.416357
0.505028
0.518256
0.553606
0.570955
0.565608
0.572958
0.58959
0.623415
0.646661
0.674888
0.688772
0.699071
0.707605
0.722229
0.728508
0.743912
0.752621
0.767818
0.782853
0.802691
0.8301
0.861083
0.912009
0.965686
1
0.979831
0.928094
0.878525
0.835631
0.804121
0.774271
0.744701
0.716114
0.691935
0.665327
0.653743
0.629645
0.598931
0.577928
0.546449
0.503889
0.47318
0.455156
0.434225
0.379382
0.353874
0.319297
0.293585
0.190701
0.225656
0.225656
0.175594
0.175594
0.135858
0.157727
0
0
0
0.107665
0.0679292
0
0
0
0
0
0
0
0
0
0
0
0
0
0
0
0
0
0
0
0
0
0
0
0
0
0
0
0
0
0
0
0
0
0
0
0
0
0
0
0.106383
0
0.0671204
0
0
0
0.0671204
0.0671204
0.106383
0.0671204
0
0.155849
0
0
0.106383
0.0671204
0.155849
0.155849
0.188431
0.188431
0.222969
0.155849
0.248375
0.240624
0.274352
0.322672
0.31915
0.352243
0.359601
0.431333
0.484553
0.510109
0.541399
0.559475
0.572368
0.565855
0.567525
0.599236
0.634507
0.659455
0.672612
0.678663
0.694981
0.705619
0.720745
0.729933
0.744595
0.759932
0.771908
0.795494
0.820783
0.858875
0.909103
0.968165
1
0.97615
0.91652
0.864109
0.824134
0.79489
0.766865
0.732276
0.694015
0.665758
0.644475
0.636151
0.603705
0.58605
0.544598
0.519157
0.492654
0.43356
0.430201
0.39319
0.38627
0.335602
0.311697
0.255551
0.222969
0.201361
0.212767
0.201361
0.188431
0.134241
0.173504
0
0
0.134241
0.0671204
0.134241
0
0.106383
0
0
0
0
0
0
0
0
0
0
0
0
0
0
0
0
0
0
0
0
0
0
0
0
0
0
0
0
0
0
0
0
0
0
0
0
0
0
0.0664241
0.0664241
0
0.10528
0
0.10528
0.186476
0.10528
0.154232
0.154232
0.171704
0.10528
0.0664241
0.0664241
0.10528
0.10528
0.10528
0.132848
0.210559
0.154232
0.238128
0.2529
0.2529
0.296214
0.300474
0.351078
0.370976
0.378647
0.419928
0.472869
0.518597
0.526399
0.551571
0.564595
0.557167
0.568739
0.589001
0.629282
0.640943
0.653246
0.664801
0.682968
0.695504
0.704828
0.718668
0.736078
0.751335
0.76492
0.787991
0.818903
0.8563
0.907531
0.966024
1
0.966887
0.905333
0.853185
0.817571
0.790329
0.75676
0.719091
0.682968
0.655117
0.633501
0.607426
0.59302
0.558304
0.53998
0.492162
0.453869
0.438393
0.416266
0.404354
0.329078
0.348589
0.300474
0.265696
0.265696
0.220656
0.2529
0.132848
0.154232
0.132848
0.186476
0
0
0
0.10528
0.0664241
0.0664241
0
0
0
0
0
0
0
0
0
0
0
0
0
0
0
0
0
0
0
0
0
0
0
0
0
0
0
0
0
0
0
0
0
0
0
0
0.133407
0
0.105723
0.0667036
0.0667036
0.0667036
0.0667036
0.0667036
0.0667036
0
0.105723
0
0.105723
0.172426
0.0667036
0.105723
0
0.154881
0.187261
0.133407
0.105723
0.172426
0.172426
0.230756
0.266814
0.211445
0.253964
0.327307
0.313536
0.327307
0.411556
0.441225
0.490186
0.507436
0.544293
0.552666
0.558355
0.557479
0.569592
0.583536
0.628626
0.636167
0.658697
0.661524
0.674536
0.687603
0.703644
0.718772
0.732748
0.750158
0.769962
0.79177
0.820325
0.862674
0.910828
0.970955
1
0.967341
0.903915
0.855564
0.819094
0.792615
0.751613
0.714965
0.675487
0.650239
0.62974
0.610151
0.569333
0.555702
0.517279
0.479587
0.458278
0.424071
0.390748
0.376465
0.344853
0.301738
0.330463
0.283352
0.221584
0.230756
0.154881
0.211445
0.133407
0.0667036
0.133407
0
0.133407
0.0667036
0.154881
0.0667036
0
0
0
0
0
0
0
0
0
0
0
0
0
0
0
0
0
0
0
0
0
0
0
0
0
0
0
0
0
0
0
0
0.0670246
0
0
0
0
0
0
0
0
0
0
0.106232
0.134049
0.0670246
0
0.155626
0.0670246
0.134049
0.134049
0.0670246
0.106232
0.106232
0.134049
0.0670246
0
0.240281
0.201074
0.155626
0.222651
0.222651
0.222651
0.268099
0.240281
0.332053
0.370215
0.397505
0.438285
0.486424
0.521543
0.529553
0.566439
0.563352
0.576406
0.568083
0.591596
0.626743
0.640006
0.647696
0.655921
0.6634
0.67917
0.70186
0.710828
0.730323
0.744851
0.773115
0.794855
0.824503
0.862877
0.913518
0.971997
1
0.961426
0.901735
0.855297
0.81677
0.788286
0.755427
0.710766
0.672487
0.64065
0.617911
0.597584
0.574137
0.54555
0.511842
0.468414
0.446264
0.409422
0.368089
0.37433
0.328883
0.322211
0.268099
0.231867
0.201074
0.106232
0.212463
0.173256
0.0670246
0.0670246
0.134049
0.106232
0.0670246
0.134049
0.106232
0
0
0
0
0
0
0
0
0
0
0
0
0
0
0
0
0
0
0
0
0
0
0
0
0
0
0
0
0
0
0
0
0
0
0
0
0
0
0
0
0
0
0
0
0
0
0.0681387
0
0.0681387
0.107997
0.136277
0.107997
0.158213
0.176136
0.158213
0.158213
0.158213
0.176136
0.107997
0.204416
0.244275
0.158213
0.244275
0.235721
0.312413
0.29449
0.327567
0.378482
0.395705
0.431989
0.495149
0.498906
0.548134
0.555658
0.559048
0.575008
0.581582
0.593777
0.623969
0.648387
0.650644
0.657732
0.66793
0.684505
0.701696
0.719045
0.735184
0.761189
0.783618
0.8066
0.836637
0.875208
0.923362
0.977406
1
0.96536
0.909092
0.866449
0.828256
0.797016
0.754028
0.706496
0.662615
0.643571
0.619748
0.589715
0.575291
0.5158
0.482205
0.449709
0.421766
0.393934
0.39213
0.352272
0.284133
0.316426
0.289448
0.272555
0.235721
0.226352
0.26621
0.136277
0
0.0681387
0
0.107997
0
0
0
0
0
0
0
0
0
0
0
0
0
0
0
0
0
0
0
0
0
0
0
0
0
0
0
0
0
0
0
0
0
0
0
0
0
0
0
0
0
0.0690721
0
0
0
0
0
0.0690721
0.109477
0
0.0690721
0.109477
0.0690721
0.0690721
0.109477
0.109477
0.109477
0.19391
0.0690721
0.178549
0.16038
0.109477
0.218953
0.207216
0.207216
0.255597
0.23895
0.262982
0.308022
0.320761
0.359828
0.359828
0.415977
0.48505
0.490276
0.536106
0.560792
0.572927
0.576664
0.591938
0.59655
0.632167
0.646041
0.652957
0.661793
0.670983
0.689841
0.704088
0.718484
0.741644
0.758815
0.787298
0.818003
0.850162
0.885943
0.929281
0.978584
1
0.966006
0.911708
0.871388
0.835591
0.802474
0.751317
0.698667
0.662312
0.647703
0.615217
0.585156
0.544047
0.498643
0.476239
0.435415
0.4289
0.404623
0.370057
0.324669
0.316693
0.28233
0.28233
0.247621
0.23895
0.178549
0.178549
0
0.0690721
0.109477
0
0
0.0690721
0
0
0
0
0
0
0
0
0
0
0
0
0
0
0
0
0
0
0
0
0
0
0
0
0
0
0
0
0
0
0
0
0
0
0
0
0
0
0
0.110819
0.0699193
0.0699193
0.0699193
0
0
0
0.0699193
0.110819
0.110819
0.110819
0.0699193
0
0.139839
0.162347
0.0699193
0.139839
0.209758
0.139839
0.196288
0.209758
0.196288
0.139839
0.196288
0.209758
0.180739
0.232267
0.285792
0.266207
0.328651
0.355712
0.383986
0.440756
0.480371
0.527673
0.541748
0.561305
0.571933
0.58857
0.586182
0.612601
0.635943
0.652097
0.663803
0.673786
0.67849
0.691094
0.702678
0.717436
0.740158
0.766518
0.798843
0.831915
0.858581
0.892235
0.932849
0.977855
1
0.96389
0.917255
0.874432
0.833202
0.790352
0.746084
0.70124
0.667781
0.648417
0.614672
0.584661
0.532415
0.484592
0.470411
0.442025
0.414673
0.402377
0.3527
0.3118
0.266207
0.297012
0.196288
0.291558
0.180739
0.162347
0.258732
0.0699193
0
0
0
0
0
0
0
0
0
0
0
0
0
0
0
0
0
0
0
0
0
0
0
0
0
0
0
0
0
0
0
0
0
0
0
0
0
0
0
0
0
0
0.0715456
0
0
0
0
0
0
0
0
0.143091
0
0.0715456
0
0.184943
0.166124
0.0715456
0.113397
0.113397
0.166124
0.214637
0.200854
0.184943
0.237669
0.237669
0.184943
0.166124
0.237669
0.143091
0.200854
0.29244
0.328034
0.366978
0.372713
0.420877
0.439987
0.471125
0.508584
0.54159
0.560409
0.575541
0.60346
0.600126
0.624444
0.648639
0.662494
0.675601
0.689198
0.690747
0.705517
0.717452
0.73079
0.754238
0.780555
0.815108
0.850151
0.871863
0.909771
0.944356
0.98631
1
0.972531
0.928736
0.885049
0.83798
0.791585
0.746402
0.70706
0.68603
0.65242
0.599817
0.573567
0.53251
0.489765
0.465604
0.438523
0.38076
0.372713
0.369885
0.354451
0.29834
0.256488
0.29244
0.113397
0.184943
0.256488
0.226794
0.0715456
0
0
0
0
0
0
0
0
0
0
0
0
0
0
0
0
0
0
0
0
0
0
0
0
0
0
0
0
0
0
0
0
0
0
0
0
0
0
0
0
0
0
0
0
0
0.0727092
0
0
0
0
0.0727092
0
0.145418
0.0727092
0
0.115241
0.115241
0
0.168825
0.115241
0.115241
0.18795
0.168825
0.145418
0.168825
0
0.145418
0.145418
0.218127
0.241535
0.297196
0.324242
0.360215
0.384297
0.392071
0.360215
0.444146
0.473176
0.504784
0.508141
0.548728
0.574026
0.589183
0.606707
0.634352
0.648049
0.663219
0.678931
0.681651
0.71167
0.709996
0.72801
0.740624
0.751802
0.787131
0.819284
0.855142
0.883813
0.917272
0.953855
0.988347
1
0.976517
0.929798
0.881252
0.837583
0.796945
0.747927
0.706065
0.67647
0.629011
0.596547
0.567197
0.505634
0.493067
0.474323
0.425929
0.381572
0.414474
0.314244
0.308863
0.303192
0.284067
0.251532
0.241535
0.18795
0.20412
0.145418
0.145418
0.0727092
0.168825
0
0.0727092
0
0
0
0
0
0
0
0
0
0
0
0
0
0
0
0
0
0
0
0
0
0
0
0
0
0
0
0
0
0
0
0
0
0
0
0
0
0
0
0
0
0
0
0.0735538
0
0
0.0735538
0.0735538
0
0.11658
0.147108
0
0
0.147108
0.11658
0.206492
0.0735538
0.147108
0.11658
0.206492
0.11658
0.147108
0.11658
0.23316
0.24434
0.24434
0.206492
0.317894
0.337241
0.357323
0.367769
0.401562
0.439652
0.460946
0.514877
0.545611
0.557903
0.580694
0.587598
0.606317
0.627516
0.646143
0.665651
0.674114
0.687472
0.699916
0.707063
0.720417
0.72957
0.756275
0.788389
0.829016
0.860357
0.889808
0.919886
0.954804
0.987861
1
0.970162
0.920795
0.874937
0.839516
0.789828
0.750315
0.703058
0.663221
0.621619
0.578895
0.539217
0.508028
0.485449
0.458153
0.441323
0.396625
0.412983
0.341573
0.341573
0.147108
0.263688
0.24434
0.254454
0.170787
0.147108
0.0735538
0.11658
0
0
0.0735538
0
0
0
0
0
0
0
0
0
0
0
0
0
0
0
0
0
0
0
0
0
0
0
0
0
0
0
0
0
0
0
0
0
0
0
0
0
0
0
0
0
0
0
0
0
0
0
0.0746922
0.0746922
0.149384
0.17343
0.149384
0
0.118384
0.209687
0
0.118384
0
0.149384
0.224076
0.0746922
0.17343
0.17343
0.149384
0.149384
0.209687
0.209687
0.224076
0.236769
0.276394
0.305301
0.355153
0.412567
0.402764
0.431822
0.473537
0.494067
0.548892
0.576194
0.586464
0.600034
0.635466
0.642346
0.667716
0.671808
0.695769
0.707914
0.718828
0.717177
0.736662
0.756385
0.792077
0.82655
0.867768
0.890078
0.923973
0.955156
0.985176
1
0.964645
0.912969
0.877404
0.837167
0.790473
0.744366
0.699427
0.654667
0.606033
0.564269
0.517672
0.50553
0.457809
0.44298
0.389105
0.342461
0.337875
0.291814
0.248122
0.28438
0.267769
0.248122
0.236769
0.17343
0
0.118384
0.0746922
0.149384
0
0
0
0
0
0
0
0
0
0
0
0
0
0
0
0
0
0
0
0
0
0
0
0
0
0
0
0
0
0
0
0
0
0
0
0
0.0766432
0
0
0
0
0
0
0.0766432
0.121477
0
0
0
0
0
0.0766432
0.121477
0.0766432
0
0.153286
0
0.0766432
0.121477
0
0.0766432
0.121477
0.0766432
0.153286
0.121477
0.17796
0.0766432
0.215165
0.153286
0
0.153286
0.22993
0.291808
0.319597
0.37608
0.40509
0.41062
0.461574
0.481734
0.530284
0.5533
0.560483
0.586401
0.620255
0.628073
0.650536
0.669197
0.680325
0.696289
0.710416
0.726406
0.730963
0.747133
0.768994
0.794676
0.83367
0.866358
0.897686
0.928934
0.95947
0.989843
1
0.966691
0.919854
0.890224
0.842317
0.797484
0.745579
0.689139
0.659125
0.597886
0.561865
0.529366
0.483142
0.463262
0.450865
0.393125
0.402218
0.325575
0.325575
0.319597
0.265142
0.254603
0.242953
0.0766432
0.0766432
0.121477
0
0
0
0
0
0
0
0
0
0
0
0
0
0
0
0
0
0
0
0
0
0
0
0
0
0
0
0
0
0
0
0
0
0
0
0
0
0
0
0
0
0
0
0
0
0
0
0.0783808
0.0783808
0.0783808
0.124231
0.0783808
0
0.124231
0.124231
0
0.156762
0
0.156762
0
0.0783808
0.156762
0
0.0783808
0
0.220043
0
0
0.124231
0.260375
0.220043
0.271153
0.181995
0.260375
0.306225
0.344273
0.384606
0.39876
0.427915
0.440086
0.448959
0.48822
0.517307
0.564316
0.590316
0.618326
0.625714
0.65746
0.658468
0.678077
0.691082
0.704985
0.716766
0.739983
0.749197
0.762215
0.792825
0.836375
0.867211
0.902919
0.932355
0.958056
0.988607
1
0.969111
0.924551
0.893568
0.848282
0.789199
0.73154
0.693807
0.636775
0.589703
0.569577
0.49831
0.47714
0.451073
0.430456
0.408321
0.388314
0.359373
0.349534
0.326842
0.290043
0.271153
0.181995
0.181995
0.0783808
0.124231
0
0
0.0783808
0
0
0
0
0
0
0
0
0
0
0
0
0
0
0
0
0
0
0
0
0
0
0
0
0
0
0
0
0
0
0
0
0
0
0
0
0
0
0
0
0
0
0
0
0.0795165
0
0
0
0.0795165
0.126031
0.0795165
0.0795165
0.205547
0.126031
0.159033
0.159033
0.223231
0
0.126031
0.205547
0.0795165
0.126031
0.184632
0.126031
0.184632
0.0795165
0.205547
0.0795165
0.126031
0.275082
0.238549
0.264148
0.310662
0.33778
0.39394
0.428778
0.434115
0.473457
0.493754
0.53498
0.559273
0.577082
0.600102
0.624343
0.656598
0.650437
0.67651
0.694284
0.709905
0.727353
0.733076
0.751034
0.762461
0.797494
0.829559
0.871558
0.907571
0.934075
0.954338
0.983152
1
0.971095
0.936747
0.899018
0.839111
0.778946
0.721544
0.67556
0.613955
0.591175
0.531687
0.523613
0.496813
0.455464
0.386289
0.420277
0.378092
0.325021
0.331578
0.238549
0.275082
0.285064
0.184632
0.126031
0
0.0795165
0
0
0.0795165
0
0
0
0
0
0
0
0
0
0
0
0
0
0
0
0
0
0
0
0
0
0
0
0
0
0
0
0
0
0
0
0
0
0
0
0
0
0
0
0
0
0
0
0
0
0
0
0.0805121
0
0
0.127609
0.127609
0.161024
0
0.161024
0
0.161024
0.0805121
0.161024
0.161024
0.186943
0.255217
0.208121
0.127609
0.161024
0.267456
0.241536
0.208121
0.186943
0.241536
0.226026
0.288633
0.288633
0.34201
0.38705
0.425539
0.439551
0.477496
0.481244
0.513268
0.531373
0.547033
0.570627
0.606368
0.608236
0.647671
0.653255
0.676716
0.687193
0.717837
0.73229
0.754979
0.768951
0.795673
0.828193
0.864547
0.902399
0.935162
0.949692
0.983254
1
0.97144
0.932579
0.885577
0.826977
0.749983
0.699931
0.653255
0.588776
0.56083
0.525226
0.488394
0.473624
0.406135
0.419424
0.395064
0.34201
0.288633
0.288633
0.322049
0.186943
0.226026
0
0.161024
0.127609
0
0.0805121
0.0805121
0
0
0
0
0
0
0
0
0
0
0
0
0
0
0
0
0
0
0
0
0
0
0
0
0
0
0
0
0
0
0
0
0
0
0
0
0
0
0
0
0
0
0
0.0808434
0
0
0
0
0
0.0808434
0
0.0808434
0
0
0.161687
0.208977
0.0808434
0.0808434
0.128134
0
0
0.161687
0.0808434
0.0808434
0.256267
0.187713
0.161687
0.24253
0.226956
0.256267
0.256267
0.268556
0.161687
0.35509
0.256267
0.35509
0.3657
0.414669
0.465245
0.490403
0.493834
0.512535
0.539421
0.542802
0.600364
0.599684
0.6253
0.657199
0.673499
0.692509
0.69967
0.720063
0.749725
0.775184
0.785054
0.824675
0.855572
0.888477
0.921642
0.952379
0.975436
1
0.966975
0.922545
0.869394
0.800541
0.746477
0.675653
0.620265
0.57801
0.552394
0.513966
0.488649
0.465245
0.449052
0.39669
0.388643
0.349399
0.315846
0.299156
0.161687
0.24253
0
0.0808434
0
0
0
0
0
0
0
0
0
0
0
0
0
0
0
0
0
0
0
0
0
0
0
0
0
0
0
0
0
0
0
0
0
0
0
0
0
0
0
0
0
0
0
0
0
0
0
0
0
0
0
0
0
0
0.0815874
0.129313
0.0815874
0.129313
0.129313
0
0.0815874
0.0815874
0.0815874
0.129313
0.129313
0
0.129313
0.2109
0.163175
0.18944
0.163175
0.229045
0.282246
0.2109
0.18944
0.2109
0.2109
0.318753
0.318753
0.271027
0.326349
0.37888
0.39635
0.437109
0.458089
0.481928
0.481928
0.489524
0.542055
0.56832
0.598839
0.604513
0.632701
0.664085
0.688838
0.691182
0.717248
0.74399
0.759071
0.779846
0.813082
0.848928
0.882985
0.922432
0.945033
0.975874
1
0.956954
0.911936
0.844956
0.784888
0.702249
0.654976
0.59364
0.571112
0.528338
0.514309
0.491349
0.448066
0.425026
0.425026
0.4042
0.326349
0.244762
0.258626
0.258626
0.271027
0.163175
0.163175
0.0815874
0.0815874
0
0
0
0
0
0
0
0
0
0
0
0
0
0
0
0
0
0
0
0
0
0
0
0
0
0
0
0
0
0
0
0
0
0
0
0
0
0
0
0
0
0
0.0843869
0
0
0
0.13375
0
0
0
0.0843869
0.0843869
0.13375
0.0843869
0.13375
0.0843869
0
0.0843869
0.13375
0.13375
0.168774
0.0843869
0.13375
0
0.0843869
0.0843869
0.19594
0.19594
0.19594
0.218137
0.168774
0.236904
0
0.168774
0.19594
0.2675
0.302524
0.32969
0.280327
0.364714
0.364714
0.452107
0.481042
0.500476
0.52234
0.52563
0.565429
0.545091
0.576606
0.606727
0.644431
0.638796
0.664675
0.705638
0.707474
0.730035
0.7609
0.79021
0.820909
0.849672
0.890507
0.928196
0.962982
0.98979
1
0.962803
0.913484
0.843987
0.762534
0.701498
0.636859
0.606727
0.560654
0.567748
0.500476
0.500476
0.46344
0.421934
0.396655
0.386911
0.376317
0.291931
0.291931
0.19594
0.168774
0.19594
0.0843869
0.0843869
0.13375
0
0
0
0
0
0
0
0
0
0
0
0
0
0
0
0
0
0
0
0
0
0
0
0
0
0
0
0
0
0
0
0
0
0
0
0
0
0
0
0
0
0
0
0
0
0
0
0
0
0
0
0
0
0
0
0.0869051
0
0.0869051
0.0869051
0.0869051
0.17381
0.0869051
0
0.17381
0.201787
0.137741
0
0.224646
0.137741
0.224646
0.260715
0.224646
0.201787
0.137741
0.311552
0.288693
0.288693
0.321587
0.34762
0.311552
0.393121
0.430545
0.485362
0.462503
0.509088
0.555525
0.557009
0.573566
0.59707
0.607352
0.615011
0.627383
0.661757
0.696702
0.713019
0.734453
0.761712
0.781409
0.811099
0.851326
0.892643
0.934582
0.971375
0.991534
1
0.965388
0.923508
0.840583
0.763997
0.682899
0.61028
0.592708
0.584691
0.527174
0.497786
0.49048
0.438384
0.452728
0.426434
0.417784
0.34762
0.321587
0.137741
0.201787
0.137741
0.137741
0.137741
0.0869051
0
0
0
0
0
0
0
0
0
0
0
0
0
0
0
0
0
0
0
0
0
0
0
0
0
0
0
0
0
0
0
0
0
0
0
0
0
0
0
0
0
0
0
0
0
0.0891621
0
0.0891621
0
0.0891621
0
0
0.0891621
0
0.0891621
0
0
0
0
0.0891621
0
0.0891621
0.0891621
0.141319
0.141319
0.207028
0.141319
0.0891621
0.230481
0.230481
0.230481
0
0.282637
0.178324
0.282637
0.207028
0.329939
0.30845
0.348346
0.385352
0.348346
0.385352
0.397612
0.391628
0.467916
0.497967
0.52231
0.55876
0.566852
0.59366
0.588462
0.614756
0.617959
0.663628
0.695544
0.701738
0.723438
0.766786
0.78924
0.809069
0.830558
0.882916
0.923403
0.965176
0.990459
1
0.972815
0.905987
0.823075
0.724363
0.674944
0.636577
0.623126
0.569952
0.540865
0.548324
0.457337
0.467916
0.44581
0.44581
0.378754
0.364447
0.207028
0.267486
0.207028
0.0891621
0.178324
0.178324
0.0891621
0
0
0
0
0
0
0
0
0
0
0
0
0
0
0
0
0
0
0
0
0
0
0
0
0
0
0
0
0
0
0
0
0
0
0
0
0
0
0
0.0901704
0
0
0
0
0
0
0
0
0
0
0
0
0.180341
0
0.0901704
0
0.0901704
0
0
0.142917
0.0901704
0
0
0
0.209369
0
0.180341
0.180341
0
0.209369
0.180341
0.233087
0.142917
0.142917
0.25314
0.233087
0.180341
0.285833
0.29954
0.311938
0.33367
0.423841
0.402109
0.413428
0.469739
0.518921
0.548909
0.528217
0.550808
0.558139
0.568414
0.606659
0.617261
0.627063
0.661032
0.6812
0.70341
0.732555
0.766075
0.783895
0.832599
0.867459
0.901831
0.958207
0.983817
1
0.957216
0.878999
0.781677
0.697442
0.655249
0.637152
0.595117
0.558139
0.543039
0.528217
0.476587
0.469739
0.38971
0.407891
0.323258
0.352286
0.29954
0.180341
0.233087
0
0.209369
0
0.142917
0
0
0
0
0
0
0
0
0
0
0
0
0
0
0
0
0
0
0
0
0
0
0
0
0
0
0
0
0
0
0
0
0
0
0
0
0
0
0
0
0
0
0
0
0.0942007
0
0
0.0942007
0
0.188401
0
0
0
0
0
0
0.0942007
0
0
0.149305
0.0942007
0.149305
0.0942007
0.0942007
0.149305
0.188401
0.218727
0.149305
0.188401
0
0
0.298609
0.149305
0.188401
0.243505
0.282602
0.298609
0.282602
0.358656
0.312928
0.358656
0.420082
0.420082
0.442785
0.471004
0.466689
0.531655
0.517337
0.544608
0.584935
0.59553
0.613039
0.638809
0.650634
0.65288
0.690578
0.708725
0.727333
0.76432
0.787287
0.810817
0.851214
0.911149
0.957186
1
0.997993
0.956948
0.850955
0.780055
0.703454
0.661512
0.62449
0.603769
0.602161
0.551826
0.487011
0.501329
0.466689
0.457625
0.282602
0.264455
0.243505
0.282602
0.264455
0.149305
0.149305
0
0
0
0
0
0
0
0
0
0
0
0
0
0
0
0
0
0
0
0
0
0
0
0
0
0
0
0
0
0
0
0
0
0
0
0
0
0
0
0
0
0
0.0982327
0
0
0
0
0.0982327
0
0
0
0
0
0.228089
0
0
0
0
0.0982327
0.0982327
0
0.0982327
0
0
0.155695
0.0982327
0.228089
0.0982327
0.0982327
0.253928
0.253928
0.155695
0.228089
0.228089
0.275774
0.326322
0.275774
0.253928
0.326322
0.294698
0.31139
0.326322
0.374007
0.363504
0.294698
0.424555
0.456179
0.515518
0.507856
0.548626
0.565318
0.575445
0.582592
0.602096
0.640827
0.648327
0.664857
0.678483
0.713836
0.730324
0.718364
0.753683
0.788603
0.816597
0.86358
0.906808
0.957591
0.997908
1
0.930827
0.853642
0.759801
0.734362
0.669965
0.658202
0.666151
0.604106
0.617432
0.529702
0.472239
0.477213
0.482017
0.363504
0.392931
0.31139
0.228089
0.196465
0.253928
0.196465
0.228089
0
0
0
0
0
0
0
0
0
0
0
0
0
0
0
0
0
0
0
0
0
0
0
0
0
0
0
0
0
0
0
0
0
0
0
0
0
0
0
0
0
0
0
0
0
0
0
0
0.105533
0
0.105533
0
0.105533
0
0
0.211065
0
0.105533
0.105533
0.245039
0.105533
0
0.105533
0.105533
0
0.105533
0.105533
0.167265
0.272798
0
0
0.167265
0
0.167265
0.296268
0.296268
0.350572
0.272798
0.105533
0.296268
0.390517
0.272798
0.350572
0.296268
0.401801
0.477384
0.477384
0.517838
0.545596
0.565397
0.607329
0.561638
0.618209
0.657344
0.64684
0.665255
0.67093
0.705645
0.735118
0.754532
0.767869
0.796444
0.829274
0.857361
0.914851
0.953322
1
0.991197
0.939014
0.842467
0.783714
0.723741
0.678181
0.678181
0.657344
0.635557
0.569066
0.561638
0.456105
0.463533
0.440064
0.431361
0.334531
0.350572
0.245039
0.211065
0
0.105533
0
0
0
0
0
0
0
0
0
0
0
0
0
0
0
0
0
0
0
0
0
0
0
0
0
0
0
0
0
0
0
0
0
0
0
0
0
0
0
0
0
0
0
0
0
0
0
0
0
0
0
0
0
0
0
0.112387
0
0
0
0
0.178129
0
0
0
0
0.224774
0
0.224774
0
0.178129
0
0
0.260954
0.224774
0.178129
0.315509
0.373341
0.373341
0.224774
0.224774
0.41588
0.373341
0.224774
0.373341
0.373341
0.449547
0.556786
0.540283
0.468644
0.528267
0.566923
0.585474
0.589798
0.674321
0.666536
0.67931
0.68415
0.740063
0.733162
0.767926
0.786707
0.808041
0.789221
0.850752
0.869279
0.930649
0.976641
1
0.977033
0.926424
0.835554
0.796537
0.785436
0.748295
0.725955
0.686517
0.658359
0.55147
0.55147
0.55147
0.402902
0.41588
0.260954
0.33716
0.373341
0
0.112387
0
0.112387
0
0
0
0
0
0
0
0
0
0
0
0
0
0
0
0
0
0
0
0
0
0
0
0
0
0
0
0
0
0
0
0
0
0
0
0
0
0
0
0
0
0.121312
0
0
0
0
0
0
0
0
0
0
0
0.121312
0
0
0
0
0
0
0.121312
0.121312
0
0
0
0.192276
0
0.121312
0.121312
0.192276
0.121312
0.313588
0
0.192276
0.242625
0.121312
0.281679
0.281679
0.313588
0.363937
0.340567
0.419672
0.402991
0.363937
0.48525
0.515327
0.48525
0.563358
0.556213
0.540985
0.627177
0.691535
0.654155
0.631972
0.713638
0.69814
0.757952
0.735892
0.77125
0.785587
0.805983
0.827373
0.866117
0.881552
0.905914
0.938317
0.968437
1
0.993528
0.918318
0.880412
0.868582
0.840785
0.812847
0.793282
0.730588
0.707602
0.617173
0.524304
0.48525
0.505864
0.46188
0.515327
0.363937
0.313588
0
0.192276
0
0
0
0
0
0
0
0
0
0
0
0
0
0
0
0
0
0
0
0
0
0
0
0
0
0
0
0
0
0
0
0
0
0
0
0
0
0
0
0
0
0
0
0
0
0
0
0
0
0
0
0
0
0
0
0
0
0
0
0
0
0.302355
0
0
0.130217
0
0
0
0
0.302355
0.130217
0.206389
0
0.336606
0.336606
0.260434
0
0.260434
0.365566
0.260434
0.302355
0.390651
0.365566
0.336606
0.412779
0.432572
0.432572
0.450477
0.553153
0.532258
0.495783
0.645121
0.562789
0.731131
0.597041
0.667921
0.715133
0.745873
0.766021
0.787084
0.82086
0.876091
0.876091
0.910047
0.920126
0.914433
0.973469
0.967027
0.968116
0.985725
0.991566
1
0.933647
0.900955
0.917301
0.851511
0.775338
0.742295
0.752832
0.571955
0.532258
0.597041
0.532258
0.390651
0.365566
0.365566
0.365566
0.130217
0.130217
0
0
0
0
0
0
0
0
0
0
0
0
0
0
0
0
0
0
0
0
0
0
0
0
0
0
0
0
0
0
0
0
0
0
0
0
0
0
0
0
0
0
0
0
0
0
0
0
0
0
0
0
0
0.130217
0
0
0
0
0
0
0
0
0
0.130217
0
0
0.130217
0.130217
0
0
0
0
0
0.336606
0.260434
0
0.336606
0.260434
0.365566
0.206389
0.365566
0.336606
0.336606
0.390651
0.495783
0.450477
0.390651
0.520869
0.532258
0.553153
0.542996
0.553153
0.60471
0.589045
0.68337
0.67836
0.632592
0.656867
0.749385
0.784216
0.772284
0.789909
0.832389
0.859422
0.863256
0.888104
0.893027
0.922909
0.945036
1
0.975568
0.912982
0.921523
0.8914
0.87431
0.800803
0.759542
0.68337
0.612078
0.542996
0.508744
0.508744
0.450477
0.481861
0.336606
0.260434
0.260434
0
0
0
0
0
0
0
0
0
0
0
0
0
0
0
0
0
0
0
0
0
0
0
0
0
0
0
0
0
0
0
0
0
0
0
0
0
0
0
0
0
0
0
0
0
0
0
0
0
0
0
0
0
0
0
0
0
0
0
0
0
0
0.139278
0
0
0
0
0.139278
0.139278
0
0
0.22075
0.139278
0
0.22075
0.360027
0.139278
0.22075
0.22075
0.391001
0.278555
0.360027
0.139278
0.278555
0.391001
0.278555
0.323392
0.22075
0.481821
0.499305
0.391001
0.499305
0.580777
0.646785
0.544142
0.591641
0.690008
0.736138
0.72556
0.773629
0.764892
0.826018
0.797771
0.84487
0.862104
0.892684
0.933221
0.895034
0.973367
0.997209
0.998609
0.976506
0.974943
0.958598
1
0.931279
0.901924
0.847847
0.764892
0.708569
0.611751
0.591641
0.591641
0.580777
0.499305
0.441499
0.360027
0.323392
0
0
0
0
0
0
0
0
0
0
0
0
0
0
0
0
0
0
0
0
0
0
0
0
0
0
0
0
0
0
0
0
0
0
0
0
0
0
0
0
0
0
0
0
0
0
0
0
0
0
0
0
0
0.217553
0
0
0
0
0
0
0
0
0
0
0
0
0.137261
0
0.217553
0
0
0
0.137261
0.137261
0.137261
0
0.274522
0.31871
0
0
0.217553
0
0.31871
0.31871
0.274522
0.31871
0.435106
0.435106
0.45597
0.474844
0.572367
0.561048
0.536263
0.274522
0.45597
0.583074
0.629336
0.65266
0.673524
0.673524
0.715054
0.753816
0.77468
0.844119
0.826635
0.877414
0.930815
0.882074
0.913911
0.951318
0.949689
0.971369
0.944717
1
0.975722
0.988233
0.930815
0.832636
0.786219
0.766596
0.740154
0.735382
0.612105
0.572367
0.620908
0.492075
0.492075
0.31871
0.274522
0.217553
0
0
0
0
0
0
0
0
0
0
0
0
0
0
0
0
0
0
0
0
0
0
0
0
0
0
0
0
0
0
0
0
0
0
0
0
0
0
0
0
0
0
0
0
0
0
0
0
0
0
0
0
0
0
0
0
0
0
0
0
0
0
0
0
0
0.137436
0.137436
0
0.217831
0
0
0
0.319116
0
0.137436
0
0.137436
0
0.217831
0
0.435661
0
0.355266
0.274872
0.274872
0.355266
0.536947
0.355266
0.355266
0.217831
0.47545
0.492702
0.523267
0.573097
0.612886
0.561764
0.583817
0.660703
0.715965
0.687179
0.69328
0.704947
0.805096
0.805096
0.845195
0.856063
0.887757
0.92088
0.968152
0.940815
0.986777
0.976966
0.939084
1
0.958928
0.892213
0.811818
0.741098
0.721253
0.630138
0.6992
0.612886
0.603662
0.456552
0.523267
0.385831
0.137436
0
0
0
0
0
0
0
0
0
0
0
0
0
0
0
0
0
0
0
0
0
0
0
0
0
0
0
0
0
0
0
0
0
0
0
0
0
0
0
0
0
0
0
0
0
0
0
0
0
0
0
0
0
0
0
0
0
0
0
0
0
0
0
0.13237
0.13237
0
0
0
0
0
0
0.13237
0
0.13237
0
0
0
0
0
0.13237
0.13237
0
0
0
0.371609
0.13237
0.13237
0.26474
0.342171
0.307353
0.342171
0.439723
0.439723
0.474541
0.457925
0.551972
0.551972
0.474541
0.572093
0.655786
0.622197
0.689575
0.694668
0.699628
0.684342
0.831998
0.79718
0.808585
0.865588
0.865588
0.888764
0.885091
0.95302
0.96314
1
0.956878
0.883228
0.791212
0.704463
0.673427
0.718274
0.606911
0.614707
0.598783
0.503979
0.419603
0.26474
0.26474
0.13237
0
0
0
0
0
0
0
0
0
0
0
0
0
0
0
0
0
0
0
0
0
0
0
0
0
0
0
0
0
0
0
0
0
0
0
0
0
0
0
0
0
0
0
0
0
0
0
0
0
0
0
0
0
0
0
0
0
0
0
0
0
0
0
0
0
0
0
0
0
0.134058
0
0
0
0.134058
0
0.212478
0
0.134058
0.212478
0
0.212478
0
0
0
0.268117
0.134058
0
0
0.496075
0.480595
0.346536
0.463766
0.445333
0.445333
0.496075
0.402175
0.480595
0.523752
0.536234
0.614653
0.65781
0.670292
0.698371
0.71345
0.722886
0.722886
0.785312
0.807349
0.79821
0.824426
0.868127
0.909099
0.935363
0.969084
1
0.903751
0.821682
0.807349
0.698371
0.736229
0.651253
0.559014
0.614653
0.630134
0.496075
0.445333
0.134058
0
0
0
0
0
0
0
0
0
0
0
0
0
0
0
0
0
0
0
0
0
0
0
0
0
0
0
0
0
0
0
0
0
0
0
0
0
0
0
0
0
0
0
0
0
0
0
0
0
0
0
0
0
0
0
0
0
0
0
0
0
0
0
0
0
0
0
0.143322
0
0
0.143322
0
0
0
0
0
0
0
0
0.143322
0.227161
0.143322
0.227161
0.286645
0
0
0.286645
0.143322
0.143322
0.143322
0.454321
0.402357
0.332784
0.454321
0.454321
0.495814
0.495814
0.573289
0.530356
0.429967
0.639136
0.689001
0.716612
0.619429
0.710047
0.689001
0.762751
0.703267
0.835983
0.817
0.835983
0.872469
0.869406
0.930428
0.956308
0.966203
1
0.884288
0.812985
0.80045
0.80045
0.657127
0.716612
0.696257
0.689001
0.619429
0.476106
0.370483
0.143322
0.143322
0
0
0
0
0
0
0
0
0
0
0
0
0
0
0
0
0
0
0
0
0
0
0
0
0
0
0
0
0
0
0
0
0
0
0
0
0
0
0
0
0
0
0
0
0
0
0
0
0
0
0
0
0
0
0
0
0
0
0
0
0
0
0
0
0
0
0
0.256885
0.324153
0.162077
0.162077
0
0
0
0
0.324153
0
0.162077
0
0
0.162077
0.162077
0
0.324153
0.256885
0
0.256885
0
0.162077
0.324153
0.324153
0.37633
0.162077
0.37633
0.581038
0.37633
0.324153
0.51377
0.560693
0.648306
0.688489
0.733163
0.787365
0.787365
0.700483
0.795292
0.824558
0.937023
0.850566
0.8901
0.928361
0.957368
0.968777
0.993413
1
0.993413
0.945375
0.84433
0.914737
0.810383
0.810383
0.810383
0.675847
0.711892
0.662482
0.560693
0
0.256885
0
0
0
0
0
0
0
0
0
0
0
0
0
0
0
0
0
0
0
0
0
0
0
0
0
0
0
0
0
0
0
0
0
0
0
0
0
0
0
0
0
0
0
0
0
0
0
0
0
0
0
0
0
0
0
0
0
0
0
0
0
0
0
0
0
0
0
0
0
0
0
0
0
0
0
0
0.166048
0
0
0
0
0.332095
0.263179
0.166048
0.166048
0.263179
0
0
0
0.332095
0.166048
0
0.166048
0.385551
0.385551
0.466155
0.498143
0.526359
0.57443
0.614449
0.678714
0.595275
0.498143
0.814778
0.729334
0.814778
0.717646
0.729334
0.780497
0.844761
0.92737
0.895382
0.883694
1
0.941893
0.968538
0.98868
0.877629
0.917174
0.806656
0.780497
0.806656
0.692406
0.664191
0.614449
0.57443
0
0
0
0
0
0
0
0
0
0
0
0
0
0
0
0
0
0
0
0
0
0
0
0
0
0
0
0
0
0
0
0
0
0
0
0
0
0
0
0
0
0
0
0
0
0
0
0
0
0
0
0
0
0
0
0
0
0
0
0
0
0
0
0
0
0
0
0
0
0
0
0
0
0
0
0
0
0
0
0
0
0
0
0
0.179052
0.415746
0.358104
0
0
0
0
0.179052
0.283791
0.283791
0.283791
0.179052
0.283791
0
0
0.594799
0.415746
0.283791
0.415746
0.699538
0.502663
0.662572
0.746634
0.641896
0.716209
0.731869
0.746634
0.786454
0.965506
0.939653
0.910922
0.932764
1
0.932764
0.946363
0.860768
0.971585
0.925687
0.939653
0.87859
0.716209
0.820948
0.746634
0.567582
0
0.179052
0
0
0
0
0
0
0
0
0
0
0
0
0
0
0
0
0
0
0
0
0
0
0
0
0
0
0
0
0
0
0
0
0
0
0
0
0
0
0
0
0
0
0
0
0
0
0
0
0
0
0
0
0
0
0
0
0
0
0
0
0
0
0
0
0
0
0
0
0
0
0
0
0
0
0
0
0
0
0
0
0
0.270565
0.170707
0.170707
0.270565
0
0.170707
0
0
0.39637
0
0.170707
0
0.270565
0
0.341415
0.170707
0.341415
0.341415
0.39637
0.512122
0.567077
0.441272
0.682829
0.69776
0.631692
0.711837
0.782686
0.666935
0.725152
0.914573
0.782686
0.926303
0.937499
0.953394
0.963447
0.942912
0.926303
1
0.942912
0.853536
0.882544
0.820651
0.737785
0.772205
0.512122
0.441272
0.170707
0
0
0
0
0
0
0
0
0
0
0
0
0
0
0
0
0
0
0
0
0
0
0
0
0
0
0
0
0
0
0
0
0
0
0
0
0
0
0
0
0
0
0
0
0
0
0
0
0
0
0
0
0
0
0
0
0
0
0
0
0
0
0
0
0
0
0
0
0
0
0
0
0
0
0
0
0
0
0
0
0
0
0
0
0
0
0
0
0
0
0
0.362085
0
0
0.181043
0.286946
0
0.362085
0.420368
0.286946
0.420368
0.362085
0.543128
0.573891
0.573891
0.420368
0.689293
0.740005
0.707314
0.769056
0.807347
0.921047
0.830074
0.879501
0.830074
0.905213
0.879501
0.935977
1
0.754934
0.98839
0.870336
0.976239
0.870336
0.769056
0.649031
0.286946
0
0
0
0
0
0
0
0
0
0
0
0
0
0
0
0
0
0
0
0
0
0
0
0
0
0
0
0
0
0
0
0
0
0
0
0
0
0
0
0
0
0
0
0
0
0
0
0
0
0
0
0
0
0
0
0
0
0
0
0
0
0
0
0
0
0
0
0
0
0
0
0
0
0
0
0
0
0
0
0
0
0
0
0
0
0
0
0
0
0
0.181043
0.181043
0
0
0
0
0
0
0.181043
0.181043
0.286946
0.181043
0.467988
0.508251
0.420368
0.601411
0.543128
0.769056
0.543128
0.626305
0.754934
0.754934
0.807347
0.840736
0.754934
0.905213
0.905213
0.85098
0.950098
0.905213
0.98839
0.85098
1
0.830074
0.870336
0.91325
0.769056
0.508251
0
0
0
0
0
0
0
0
0
0
0
0
0
0
0
0
0
0
0
0
0
0
0
0
0
0
0
0
0
0
0
0
0
0
0
0
0
0
0
0
0
0
0
0
0
0
0
0
0
0
0
0
0
0
0
0
0
0
0
0
0
0
0
0
0
0
0
0
0
0
0
0
0
0
0
0
0
0
0
0
0
0
0
0
0
0
0
0
0
0
0
0
0
0
0.180031
0
0.180031
0
0.180031
0.180031
0.285343
0.360063
0
0.285343
0.360063
0.41802
0.598051
0.540094
0.505412
0.666195
0.645406
0.814383
0.790755
0.814383
0.825437
0.874589
0.900157
0.874589
0.883394
0.930749
0.865475
0.994414
0.846226
1
0.951538
0.874589
0.891911
0.76476
0
0
0
0
0
0
0
0
0
0
0
0
0
0
0
0
0
0
0
0
0
0
0
0
0
0
0
0
0
0
0
0
0
0
0
0
0
0
0
0
0
0
0
0
0
0
0
0
0
0
0
0
0
0
0
0
0
0
0
0
0
0
0
0
0
0
0
0
0
0
0
0
0
0
0
0
0
0
0
0
0
0
0
0
0
0
0
0
0
0
0
0
0
0
0
0.180031
0.180031
0
0
0.285343
0.180031
0.360063
0.41802
0.285343
0.465374
0.360063
0
0.465374
0.505412
0.465374
0.570686
0.645406
0.598051
0.685443
0.846226
0.865475
0.750717
0.750717
0.720125
0.865475
0.970786
0.825437
1
0.982869
0.937865
0.923432
0.883394
0.570686
0.360063
0
0
0
0
0
0
0
0
0
0
0
0
0
0
0
0
0
0
0
0
0
0
0
0
0
0
0
0
0
0
0
0
0
0
0
0
0
0
0
0
0
0
0
0
0
0
0
0
0
0
0
0
0
0
0
0
0
0
0
0
0
0
0
0
0
0
0
0
0
0
0
0
0
0
0
0
0
0
0
0
0
0
0
0
0
0
0
0
0
0
0
0
0
0
0
0
0
0
0
0
0.183169
0
0
0.366338
0
0.183169
0
0.514221
0.366338
0.473486
0.656655
0.69739
0.580633
0.677807
0.791644
0.804537
0.732677
0.839824
0.791644
0.88056
0.88056
0.968123
0.954212
0.961259
1
0.954212
0.748698
0.290316
0
0
0
0
0
0
0
0
0
0
0
0
0
0
0
0
0
0
0
0
0
0
0
0
0
0
0
0
0
0
0
0
0
0
0
0
0
0
0
0
0
0
0
0
0
0
0
0
0
0
0
0
0
0
0
0
0
0
0
0
0
0
0
0
0
0
0
0
0
0
0
0
0
0
0
0
0
0
0
0
0
0
0
0
0
0
0
0
0
0
0
0
0
0
0
0
0
0
0
0
0
0.286946
0
0.420368
0.181043
0
0.286946
0.181043
0.362085
0.420368
0.420368
0.508251
0.362085
0.601411
0.601411
0.740005
0.669937
0.754934
0.818957
0.769056
0.91325
0.879501
0.928619
0.98839
0.98839
1
0.91325
0.362085
0
0
0
0
0
0
0
0
0
0
0
0
0
0
0
0
0
0
0
0
0
0
0
0
0
0
0
0
0
0
0
0
0
0
0
0
0
0
0
0
0
0
0
0
0
0
0
0
0
0
0
0
0
0
0
0
0
0
0
0
0
0
0
0
0
0
0
0
0
0
0
0
0
0
0
0
0
0
0
0
0
0
0
0
0
0
0
0
0
0
0
0
0
0
0
0
0
0
0
0
0
0
0
0
0
0.181043
0
0.181043
0
0
0.362085
0.181043
0.362085
0.181043
0.467988
0.626305
0.626305
0.573891
0.543128
0.649031
0.769056
0.896921
0.888356
0.943133
1
0.976239
0.943133
0.669937
0
0
0
0
0
0
0
0
0
0
0
0
0
0
0
0
0
0
0
0
0
0
0
0
0
0
0
0
0
0
0
0
0
0
0
0
0
0
0
0
0
0
0
0
0
0
0
0
0
0
0
0
0
0
0
0
0
0
0
0
0
0
0
0
0
0
0
0
0
0
0
0
0
0
0
0
0
0
0
0
0
0
0
0
0
0
0
0
0
0
0
0
0
0
0
0
0
0
0
0
0
0
0
0
0
0
0
0
0
0
0.288603
0
0.182088
0
0.182088
0
0
0
0.47069
0.288603
0.511185
0.773496
0.577205
0.744278
0.918523
0.948578
0.941381
1
0
0
0
0
0
0
0
0
0
0
0
0
0
0
0
0
0
0
0
0
0
0
0
0
0
0
0
0
0
0
0
0
0
0
0
0
0
0
0
0
0
0
0
0
0
0
0
0
0
0
0
0
0
0
0
0
0
0
0
0
0
0
0
0
0
0
0
0
0
0
0
0
0
0
0
0
0
0
0
0
0
0
0
0
0
0
0
0
0
0
0
0
0
0
0
0
0
0
0
0
0
0
0
0
0
0
0
0
0
0
0
0
0
0
0.181043
0.286946
0
0.181043
0.181043
0
0
0
0.362085
0.286946
0.362085
0.669937
0.994259
1
